# lam, scale (flux = flux/scale) at 7000 A, scale, scale, scale, mean scale, std scale
4020.0 0.861174620887 0.889143536556 0.823417782812 0.841769078685 0.853876254735 0.0217777388145
4029.2 0.849072763489 0.892274610028 0.85230200295 0.835521697118 0.857292768396 0.0189218657061
4038.4 0.877392663308 0.910697417483 0.842081451232 0.853552499695 0.870931007929 0.0234837381567
4047.6 0.865062395421 0.880346024157 0.854062502999 0.869855915626 0.867331709551 0.00844944530857
4056.8 0.866257896436 0.885698961841 0.871013175047 0.881704265487 0.876168574703 0.00701814563523
4066.0 0.834662111884 0.892258461665 0.862260869742 0.890733500853 0.869978736036 0.0211375298383
4075.2 0.837357627873 0.886407636106 0.86295653122 0.869143436108 0.863966307827 0.0157445696659
4084.4 0.838455146244 0.882429454907 0.858067550214 0.883012644303 0.865491198917 0.0166130326466
4093.6 0.859538986017 0.912800527068 0.856262087562 0.899259000349 0.881965150249 0.0219703344924
4102.8 0.851627797041 0.873005623144 0.874595861766 0.877829712306 0.869264748564 0.00923943259621
4112.0 0.839444005124 0.87483716764 0.871024849072 0.871472550786 0.864194643156 0.01284894597
4121.2 0.833358142094 0.894542366574 0.864927656996 0.900905268012 0.873433358419 0.0239944408652
4130.4 0.872985281502 0.899855637724 0.875237595555 0.903129284256 0.887801949759 0.0123094697786
4139.6 0.858086275726 0.930915215319 0.899378795857 0.924306362572 0.903171662368 0.025547830468
4148.8 0.876596577268 0.927172060325 0.882230793376 0.894199579237 0.895049752551 0.0175351694815
4158.0 0.867203930975 0.92996980262 0.893403376845 0.894492122715 0.896267308289 0.0199594158842
4167.2 0.862884935117 0.915286970045 0.879857273191 0.888131607523 0.886540196469 0.0169301059262
4176.4 0.841644743014 0.891520808423 0.855498603416 0.871460474633 0.865031157371 0.0166182531854
4185.6 0.857250699627 0.907358295287 0.859851410097 0.887197549738 0.877914488687 0.0184736566822
4194.8 0.866859202942 0.889507572079 0.859880426932 0.892863776354 0.877277744577 0.0126783732262
4204.0 0.855400034174 0.910555578365 0.863046399431 0.905476090778 0.883619525687 0.0220129670725
4213.2 0.863654409371 0.919256746507 0.862016144785 0.89128611042 0.884053352771 0.0209444366904
4222.4 0.855838221522 0.901630901532 0.847685735351 0.898598911152 0.875938442389 0.021798319363
4231.6 0.869661002703 0.913740456181 0.87479423277 0.891799619621 0.887498827819 0.0154059378776
4240.8 0.866734545512 0.909327038293 0.875657942942 0.889657232548 0.885344189824 0.0143799972065
4250.0 0.869058128274 0.92316883214 0.881493557076 0.914492065201 0.897053145673 0.0200597447161
4259.2 0.887532410543 0.919937708475 0.892769267284 0.909681372144 0.902480189612 0.0116134414042
4268.4 0.87461505758 0.915527251314 0.875433288453 0.913983185763 0.894889695777 0.0177768546058
4277.6 0.882255778269 0.920099798539 0.893336460047 0.937777421143 0.9083673645 0.0195465826393
4286.8 0.886203277693 0.920615217164 0.885914382174 0.91449740953 0.90180757164 0.014218628463
4296.0 0.890850201465 0.930678993861 0.904766120134 0.921535038763 0.911957588556 0.0137073526031
4305.2 0.894672595514 0.915281829315 0.887510458406 0.922341544946 0.904951607045 0.0127982434439
4314.4 0.871132294516 0.91607168624 0.876158623831 0.90668968874 0.892513073332 0.0172080817515
4323.6 0.879774512616 0.903607745844 0.869283234954 0.900806392103 0.888367971379 0.0128455419018
4332.8 0.923281693046 0.984212021019 0.893797792753 0.978707693233 0.944999800013 0.0339621614721
4342.0 0.851599890003 0.86607640582 0.857770062196 0.86518656763 0.860158231412 0.00527745228909
4351.2 0.843972585978 0.881534265974 0.861265126345 0.863568384357 0.862585090664 0.0119013087341
4360.4 0.875254216576 0.917944661195 0.863052632751 0.887395580881 0.885911772851 0.0182451714917
4369.6 0.876980093559 0.915318720319 0.867826545362 0.898411910482 0.88963431743 0.0165676974615
4378.8 0.879931321125 0.919088845518 0.876776881303 0.918875620681 0.898668167157 0.0181969397328
4388.0 0.87095169161 0.898599572978 0.866133055023 0.893145714286 0.882207508474 0.0124372472204
4397.2 0.866465926891 0.908186233492 0.86354477138 0.884487744194 0.880671168989 0.0159169558587
4406.4 0.86923746221 0.909751734022 0.871004375958 0.905178601544 0.888793043433 0.0167726603336
4415.6 0.876070161868 0.905503542508 0.879641498474 0.905087990901 0.891575798438 0.012324071414
4424.8 0.883479341124 0.91668741876 0.880269643469 0.91832487144 0.899690318698 0.0159756463827
4434.0 0.877802214228 0.948721358091 0.882559790174 0.930415122839 0.909874621333 0.0272239617159
4443.2 0.873515591315 0.933503633146 0.87088320387 0.90095893917 0.894715341875 0.0226314571898
4452.4 0.889760382938 0.918500130915 0.890234857456 0.906091097937 0.901146617311 0.0107173239142
4461.6 0.904746372477 0.950625105962 0.899915736936 0.94238446524 0.924417920154 0.0199846946475
4470.8 0.903178973956 0.931763732766 0.896233967272 0.926151222803 0.914331974199 0.0133827359941
4480.0 0.886834862484 0.938383016859 0.902237591903 0.903088667484 0.907636034682 0.0168990379058
4489.2 0.89569725321 0.942941712554 0.908384723509 0.929462720003 0.919121602319 0.0163604221481
4498.4 0.91353536972 0.944175316386 0.903062461921 0.944264857131 0.926259501289 0.0164022890427
4507.6 0.915974272094 0.96650326032 0.925740230272 0.937011997575 0.936307440065 0.0169551620734
4516.8 0.892456620042 0.948286323212 0.899351708308 0.927432381939 0.916881758375 0.0200072606225
4526.0 0.889232924612 0.929036685296 0.892104430268 0.91271056184 0.905771150504 0.0144895320592
4535.2 0.892776041347 0.935974438599 0.889644968503 0.917584336128 0.908994946144 0.0169655246952
4544.4 0.896434868982 0.940951772185 0.894695490707 0.920970355792 0.913263121916 0.0170529166611
4553.6 0.891602920894 0.92737053242 0.891032947722 0.919452284622 0.907364671414 0.0145705377106
4562.8 0.890020927411 0.930996079054 0.894572474787 0.922450539148 0.9095100051 0.0156975332864
4572.0 0.87892437839 0.929739480431 0.88637777838 0.920063405079 0.90377626057 0.0192856583616
4581.2 0.877668847885 0.92198449348 0.88246848639 0.912334079296 0.898613976763 0.0169339750102
4590.4 0.884832370786 0.932260807867 0.892523209373 0.920236853951 0.907463310494 0.0173979616162
4599.6 0.886744563979 0.935255820075 0.887715781339 0.919789737023 0.907376475604 0.0186738618581
4608.8 0.885924721038 0.925219449096 0.887656242125 0.913428612375 0.903057256158 0.0150295896049
4618.0 0.895269695717 0.938299336644 0.895499566353 0.916647815831 0.911429103636 0.0159004465422
4627.2 0.893532265627 0.931159385678 0.89796526708 0.924614039308 0.911817739423 0.0145883111604
4636.4 0.904341622713 0.947157921302 0.900173279522 0.923770043544 0.91886071677 0.0166424618181
4645.6 0.891648291445 0.913711469337 0.884361565065 0.913514291058 0.900808904226 0.0116819076609
4654.8 0.87888920287 0.920425950499 0.880921461958 0.899215387339 0.894863000666 0.0149795620196
4664.0 0.898609289385 0.943359756028 0.903143241502 0.925519790294 0.917658019302 0.0160991900409
4673.2 0.905458760733 0.947831146884 0.911467879994 0.931983919096 0.924185426677 0.0150489905251
4682.4 0.896632606767 0.947361991593 0.906238466323 0.92926577513 0.919874709953 0.0177193976081
4691.6 0.903891003517 0.94052843977 0.907236233082 0.928571829774 0.920056876536 0.0135446940086
4700.8 0.897602991457 0.937700769388 0.897130169371 0.92335305024 0.913946745114 0.0155090151115
4710.0 0.888120381468 0.938486825765 0.883765737643 0.922041440866 0.908103596436 0.0205380835664
4719.2 0.888236760534 0.931473502567 0.90079175 0.917477526621 0.90949488493 0.0146590218779
4728.4 0.9020857051 0.948068285449 0.902101601386 0.938238706809 0.922623574686 0.01862375436
4737.6 0.915735809246 0.954637223663 0.911373556468 0.932155987489 0.928475644216 0.0151839254883
4746.8 0.910445509233 0.951747961427 0.919591478703 0.939636052473 0.930355250459 0.0145329828094
4756.0 0.906450168453 0.943816797045 0.909587748661 0.942359253063 0.925553491806 0.0157214747847
4765.2 0.910450747277 0.948653472429 0.916232913763 0.93571497236 0.927763026457 0.0136550553695
4774.4 0.911793227204 0.950955343495 0.914324929654 0.94496143968 0.930508735008 0.0157424919185
4783.6 0.907955757742 0.968348656087 0.917761115848 0.949867036288 0.935983141491 0.0217157340565
4792.8 0.921213211118 0.957655449701 0.925084107393 0.94900370389 0.938239118026 0.0138261061424
4802.0 0.928189713496 0.971008918455 0.928530492618 0.961073016379 0.947200535237 0.0171421508519
4811.2 0.931310342197 0.976777601259 0.931382705032 0.957051911071 0.94913063989 0.0170859779446
4820.4 0.938901955782 0.973175097034 0.932739400856 0.960386858042 0.951300827929 0.0145553989819
4829.6 0.92820287738 0.976499284428 0.929303541244 0.956324778002 0.947582620263 0.0180127618778
4838.8 0.931428582452 0.977464640498 0.921585353365 0.956257929309 0.946684126406 0.0195027063727
4848.0 0.940174155771 0.983492844688 0.922141949205 0.966139719674 0.952987167335 0.0210674475465
4857.2 0.905242694531 0.944246497178 0.874676679502 0.946148791492 0.917578665676 0.0265336839804
4866.4 0.904127415736 0.918514171382 0.906014210921 0.912671205416 0.915331750864 0.0112619358236
4875.6 0.915165110142 0.94711774118 0.924634568977 0.939642974197 0.931640098624 0.0111723419895
4884.8 0.906721604744 0.946538190776 0.905900370179 0.928493561599 0.921913431824 0.0150790358745
4894.0 0.898253128945 0.947253187764 0.901598204001 0.933585733748 0.920172563614 0.0186480121656
4903.2 0.907455364429 0.949519029957 0.913344757443 0.929439092872 0.924939561175 0.0145913171478
4912.4 0.911997377042 0.96206082156 0.914636650864 0.943761437571 0.933114071759 0.0186473086608
4921.6 0.90252592635 0.93980404184 0.891532624556 0.929768663109 0.915907813964 0.0175292762003
4930.8 0.91168496262 0.956819647008 0.914059026897 0.928361041581 0.927731169527 0.0160682575358
4940.0 0.912318698912 0.958625327388 0.911392050141 0.940133615115 0.930617422889 0.0177733445665
4949.2 0.898901021738 0.954360869506 0.912141168316 0.93303603357 0.924609773282 0.0188283594863
4958.4 0.907603741394 0.946974518213 0.908286115462 0.937847537256 0.925177978081 0.015683084577
4967.6 0.905456135602 0.941163702872 0.904651695212 0.933877623186 0.921287289218 0.0147034468198
4976.8 0.907351072596 0.943257968999 0.91079552855 0.935538769206 0.924235834838 0.0138226983073
4986.0 0.898014436095 0.951139380627 0.914074689633 0.945030735045 0.92706481035 0.0195705230627
4995.2 0.908810594098 0.942602859061 0.914689493826 0.941484856099 0.926896950771 0.0136793336084
5004.4 0.898101717895 0.945513234951 0.906126476064 0.932088147493 0.920457394101 0.0171360500441
5013.6 0.89680907791 0.93466224013 0.913085562496 0.931966314495 0.919130798758 0.013716998494
5022.8 0.906877039917 0.948391063813 0.919263705628 0.936622882807 0.927788673041 0.0142300613985
5032.0 0.920343567188 0.958773599868 0.929896519927 0.94863647696 0.939412540986 0.0135211834864
5041.2 0.919057961743 0.962977030874 0.918833839302 0.937073395935 0.934485556964 0.0161334928406
5050.4 0.910854324194 0.952997320417 0.915185027204 0.935658392065 0.92867376597 0.015098999181
5059.6 0.92353282531 0.965148658971 0.932681736794 0.952498013484 0.94346530864 0.0145968952305
5068.8 0.927695941067 0.963701549549 0.928267649628 0.945808901024 0.941368510317 0.0132442697923
5078.0 0.932685175816 0.976854787997 0.927887582419 0.953210394827 0.947659485265 0.0173109005208
5087.2 0.929876172956 0.977894841689 0.936141156999 0.959560573501 0.950868186286 0.0171087563137
5096.4 0.929460354306 0.978876908358 0.937731721931 0.964040209169 0.952527298441 0.0177642452822
5105.6 0.934847133073 0.987779705076 0.940541383824 0.96866243521 0.957957664296 0.0191904649006
5114.8 0.939794248997 0.983598078789 0.947573411114 0.970550781567 0.960379130117 0.0156863369884
5124.0 0.935419375894 0.984885546089 0.941681256508 0.960102895456 0.955522268487 0.0171981633799
5133.2 0.936209187895 0.981341165386 0.944868365824 0.966500801186 0.957229880073 0.0158869795234
5142.4 0.936796174344 0.981348738734 0.946757418881 0.961597701979 0.956625008485 0.0150102798506
5151.6 0.938091751142 0.977330620584 0.947147126922 0.962504943464 0.956268610528 0.0133873059008
5160.8 0.937548955547 0.979587793836 0.953614510618 0.969914777063 0.960166509266 0.0143296716077
5170.0 0.943853518639 0.987545579324 0.948718157274 0.968311272405 0.96210713191 0.0154794380091
5179.2 0.942977547855 0.98640097125 0.951654304858 0.966805524531 0.961959587124 0.0147470744539
5188.4 0.9500224832 0.990527571371 0.951264571515 0.975511517403 0.966831535872 0.0152428265672
5197.6 0.947463180283 0.989926679346 0.954590706634 0.979427923765 0.967852122507 0.0155747189406
5206.8 0.942990120903 0.986524715215 0.950249527375 0.973565958625 0.96333258053 0.0156689443296
5216.0 0.943753535863 0.990445149348 0.953724645496 0.973726385274 0.965412428995 0.0161336350035
5225.2 0.945219280516 0.990548671161 0.95027721952 0.978751139865 0.966199077765 0.0169947899317
5234.4 0.948237619524 0.98169066646 0.948101433049 0.970357362905 0.962096770484 0.0129622812955
5243.6 0.949312186643 0.988077089989 0.945317223525 0.969200238832 0.962976684748 0.0152796469059
5252.8 0.941178006928 0.980242714314 0.938300656991 0.961705778486 0.95535678918 0.0151760893934
5262.0 0.933102989069 0.969450826483 0.940514376074 0.963519133404 0.951646831257 0.0136069059363
5271.2 0.924289374438 0.968135697573 0.926716546354 0.956667282944 0.943952225327 0.0169127724209
5280.4 0.928874393745 0.977416260702 0.94459871495 0.958225821328 0.952278797681 0.0159625119059
5289.6 0.930330026124 0.968209172252 0.931834532373 0.96016012468 0.947633463857 0.0150285874304
5298.8 0.928161794229 0.975582637831 0.937906818386 0.961116349774 0.950691900055 0.0167289088753
5308.0 0.931407677461 0.969328458971 0.932217562424 0.957303945395 0.947564411063 0.0145951917713
5317.2 0.92899488631 0.9696778366 0.939449310042 0.947874597419 0.946499157593 0.0133809032498
5326.4 0.929773800796 0.968963981163 0.930929402508 0.957807575939 0.946868690101 0.015193138187
5335.6 0.918353558495 0.969234041402 0.931570638045 0.951881004263 0.942759810551 0.0173490276076
5344.8 0.9311667425 0.97628557893 0.937712725102 0.953399344534 0.949641097766 0.0155411754521
5354.0 0.936938683577 0.96388675089 0.939889575811 0.954906788933 0.948905449803 0.0098482986486
5363.2 0.935369653454 0.97242015602 0.934126477755 0.957893930516 0.949952554436 0.0143595562547
5372.4 0.931118713126 0.964123132665 0.929451479944 0.956118036946 0.94520284067 0.0135910777522
5381.6 0.934210282683 0.965134838615 0.933036739824 0.9564779768 0.94721495948 0.0124665078455
5390.8 0.9340320714 0.963165965623 0.938478012478 0.958866078196 0.948635531924 0.0112448551889
5400.0 0.924191613725 0.970430441276 0.9351842793 0.954440893725 0.946061807006 0.0158786988985
5409.2 0.938168244532 0.970860560865 0.937076573618 0.958709220383 0.951203649849 0.0127453820214
5418.4 0.937225553192 0.970389689511 0.941459340291 0.958558979651 0.951908390661 0.0119210495417
5427.6 0.933011029188 0.971285638586 0.944249772101 0.960635217868 0.952295414436 0.013166630621
5436.8 0.93802153689 0.980027110175 0.944876755517 0.960873200519 0.955949650775 0.0144775113198
5446.0 0.94979694732 0.974904529348 0.948290785733 0.968069623623 0.960265471506 0.0102780338856
5455.2 0.947625047963 0.980013289381 0.951588200495 0.971828350379 0.962763722055 0.0121143451741
5464.4 0.954270419608 0.990448097791 0.959575504133 0.978536736676 0.970707689552 0.0130006699193
5473.6 0.9578567593 0.991561828129 0.953436431074 0.976787794351 0.969910703214 0.0136584391424
5482.8 0.959344517495 0.992724297518 0.964073538556 0.979079373284 0.973805431713 0.0117436427694
5492.0 0.966964701005 0.997478193042 0.966014710142 0.983883931966 0.978585384039 0.0116453849963
5501.2 0.968794917172 0.998992924446 0.973845262594 0.987471937785 0.982276260499 0.0105761075971
5510.4 0.967385646837 1.00255602304 0.973663582749 0.991325898071 0.983732787674 0.0124946982068
5519.6 0.970644816371 1.01726388841 0.973744279146 0.992835311533 0.988622073866 0.0166291038544
5528.8 0.977893547837 1.01001476414 0.982435112896 1.00533069608 0.99391853024 0.0124739345033
5538.0 0.983507649346 1.01729271551 0.977217183656 1.00488886447 0.995726603246 0.0144287607005
5547.2 0.97819710148 1.01303566398 0.976294034058 0.997591461744 0.991279565317 0.0134824691571
5556.4 0.975558130979 1.02089023757 0.978491264191 0.999825046759 0.993691169875 0.016353947301
5565.6 0.978261221181 1.0085681029 0.970510354554 0.995217348092 0.988139256682 0.0132347339335
5574.8 0.981310074771 1.01210173144 0.971392359245 0.997601613471 0.990601444731 0.0139038355269
5584.0 0.967125355923 1.00904421177 0.97569492394 0.991422755761 0.985821811849 0.0143021799296
5593.2 0.960986009753 1.00471264668 0.970997353154 0.99137441082 0.982017605101 0.0152734323669
5602.4 0.96349054163 1.00729235213 0.974027980811 0.978461656923 0.980818132873 0.01451060886
5611.6 0.97339681864 1.00030075062 0.968541540341 0.98835447244 0.982648395511 0.0112139198527
5620.8 0.968110071444 1.00737496007 0.971532851139 0.988990223568 0.984002026555 0.0139943610309
5630.0 0.964166162525 0.995983068275 0.972522223993 0.985514905749 0.979546590135 0.0108782156449
5639.2 0.967015817171 0.99996417924 0.96702732304 0.98107837371 0.97877142329 0.0120877879775
5648.4 0.958545963082 0.990478438315 0.963478020931 0.975253646227 0.971939017139 0.0110059916169
5657.6 0.968613478445 0.987111895816 0.968795970289 0.979191561253 0.975928226451 0.00692962381152
5666.8 0.956192238582 1.00103245106 0.954975054525 0.973879764511 0.971519877169 0.0166446913265
5676.0 0.959586481006 0.993526652292 0.960309577287 0.976070127179 0.972373209441 0.0124110192172
5685.2 0.95601755954 0.975188091541 0.952301146173 0.977722691359 0.965307372153 0.0100720534078
5694.4 0.962420093971 0.986207560721 0.95401359605 0.975390198459 0.9695078623 0.0109889995228
5703.6 0.944898241324 0.967433494665 0.947759535621 0.961550446907 0.955410429629 0.0083820783475
5712.8 0.944328468363 0.975922684123 0.947197553999 0.964140985439 0.957897422981 0.0115108282679
5722.0 0.948749716688 0.980277966574 0.953788025841 0.963901044567 0.961679188417 0.0107730485904
5731.2 0.948230965285 0.978605393358 0.951326060822 0.971068367318 0.962307696696 0.0114988256785
5740.4 0.945274015849 0.974446825657 0.952143927213 0.957317532205 0.957295575231 0.00964596538013
5749.6 0.949032180294 0.977821817089 0.954836134163 0.954470540977 0.959040168131 0.00991428819487
5758.8 0.954600689148 0.976541821625 0.959715337778 0.970131729894 0.965247394611 0.0076860497364
5768.0 0.946387276143 0.981455611449 0.942767666678 0.966926760952 0.959384328806 0.0140646126031
5777.2 0.952454865001 0.975866487679 0.953547764992 0.969844773641 0.962928472828 0.0090875913821
5786.4 0.954655134794 0.982117156563 0.949989824816 0.967441767309 0.963550970871 0.0111613810069
5795.6 0.957865065746 0.985622594866 0.953860058244 0.970334627765 0.966920586655 0.0110815219996
5804.8 0.960681140317 0.996844085715 0.96263596949 0.974280231839 0.97361035684 0.0128674527982
5814.0 0.968624122326 1.00054336157 0.969440348174 0.974326974257 0.978233701581 0.0116846097462
5823.2 0.965984600464 0.997148170925 0.975896582301 0.982870829656 0.980475045837 0.0101456218713
5832.4 0.971856035328 1.00501097151 0.980645516334 0.985817585501 0.985832527168 0.0108633361004
5841.6 0.982803245402 1.00243274515 0.9838017414 0.993333281622 0.990592753392 0.00713428592499
5850.8 0.977995340972 1.00723231817 0.979993538772 0.997456016045 0.990669303489 0.0109086589527
5860.0 0.992463991137 1.01677219072 0.987342499781 1.00226083725 0.999709879722 0.0100308008556
5869.2 0.988967086121 1.02475694159 0.978531889219 1.00452918134 0.999196274568 0.0155784512154
5878.4 0.956666503298 0.982049286814 0.96690344779 0.981179823512 0.971699765354 0.00944444521767
5887.6 0.989945371205 1.02734194771 0.992615242887 0.992574532127 1.00061927348 0.013833407945
5896.8 0.965053877987 0.987961785638 0.973738312924 0.982149842313 0.977225954715 0.00774371786447
5906.0 0.974129039077 0.999571862469 0.98316572125 0.988813717908 0.986420085176 0.00825056873642
5915.2 0.980709714002 1.0071892051 0.986343705064 0.988356770465 0.990649848657 0.00890120967773
5924.4 0.984902291473 1.02349179439 0.994900886032 0.988154948508 0.997862480102 0.0136223011965
5933.6 0.990900741174 1.01983179925 0.987501725998 1.00507106498 1.00082633285 0.0114480393237
5942.8 0.99115825025 1.01886045287 0.991163230934 1.00668508839 1.00196675561 0.0104038416456
5952.0 0.984888505505 1.01122483046 0.991228461449 0.993883480805 0.995306319554 0.00872448549535
5961.2 0.989164448385 1.02216838557 1.0027234982 1.00146623768 1.00388064246 0.0105657583676
5970.4 0.996421908735 1.01451953004 1.0005135996 1.006482185 1.00448430584 0.00609041872124
5979.6 0.994959679393 1.02260476206 0.990798017097 1.00826894796 1.00415785163 0.0111380534081
5988.8 0.993833801347 1.02282607566 0.997413834783 1.01050954119 1.00614581324 0.0102479886867
5998.0 0.99657034572 1.02321723941 1.00095932852 1.01024367155 1.0077476463 0.00912745046034
6007.2 0.986444954577 1.01825006084 0.989479629392 1.00140334422 0.998894497256 0.0111764305967
6016.4 0.986909036712 1.01668388813 0.992539301556 1.00418923069 1.00008036427 0.0102265466723
6025.6 0.991155844775 1.02345852408 0.995822376685 1.00095043471 1.00284679506 0.0110856693771
6034.8 0.9948154891 1.02001209436 0.997423630917 1.00017769544 1.00310722745 0.00889283843886
6044.0 0.985930804082 1.01170407398 0.991363019554 1.00028572695 0.99732090614 0.00872807558259
6053.2 0.974112615196 1.00966593846 0.987386722837 0.993876602924 0.991260469854 0.011442554454
6062.4 0.976733741954 1.01468006593 0.978149675573 0.991904597135 0.990367020148 0.0136280455013
6071.6 0.978638407559 1.00155939658 0.986900461502 0.986131189645 0.988307363822 0.0074272497694
6080.8 0.975365330325 1.00009773483 0.976322391364 0.994057519589 0.986460744028 0.0096909536906
6090.0 0.976719279446 0.999054967831 0.983537010766 0.98828960858 0.986900216656 0.00727503982631
6099.2 0.97537008176 1.00341907068 0.979430677821 0.985831059463 0.98601272243 0.00958752389738
6108.4 0.969460402576 0.999053809016 0.974282987435 0.982266864552 0.981266015895 0.0100552719948
6117.6 0.971834834231 1.00346661165 0.976670805804 0.980531762094 0.983126003444 0.010859378518
6126.8 0.965318214226 0.991990091322 0.970205308035 0.979772221681 0.976821458816 0.00910925354616
6136.0 0.96841595943 0.999458037013 0.9696269534 0.979703638391 0.979301147059 0.0111224057161
6145.2 0.970823239319 0.997594054828 0.967819361434 0.98382795698 0.98001615314 0.0105525719016
6154.4 0.972173487704 0.996001522513 0.967910462286 0.973711073893 0.977449136599 0.00976711743372
6163.6 0.96732400908 0.986976365133 0.966866501903 0.976621219375 0.974447023873 0.00734728754806
6172.8 0.971552770038 0.993177378128 0.975290936692 0.985816602096 0.981459421738 0.00764836555481
6182.0 0.973254073901 1.00191385686 0.978417066989 0.980694435594 0.983569858335 0.00977483508704
6191.2 0.979339190796 1.01207491447 0.972234171682 0.980628664009 0.986069235239 0.0137302414351
6200.4 0.97593629091 1.00166759426 0.974548141284 0.988474527258 0.985156638429 0.00980994463677
6209.6 0.983793477817 0.996615263625 0.97236106509 0.976204103762 0.982243477574 0.00828356019607
6218.8 0.982675412523 0.992939093209 0.975765278753 0.98062505481 0.983001209824 0.00560129415694
6228.0 0.978019231431 0.993623217321 0.986106107139 0.986627688407 0.986094061075 0.00494319675496
6237.2 0.990715081999 0.989790584003 0.983803118191 0.989051127805 0.988339978 0.0024014249
6246.4 0.989142275437 1.00574660338 0.9873350464 0.993983038186 0.994051740849 0.00641858807715
6255.6 0.983700918776 1.00758205666 0.985886483323 1.00062904697 0.994449626432 0.00893877058679
6264.8 0.986001603004 1.0049696167 0.995722644276 0.992445344848 0.994784802207 0.00611927516854
6274.0 0.992756398275 1.00562975987 0.987579178627 1.00438202531 0.99758684052 0.0068461603373
6283.2 0.971625125926 0.998198831037 0.971664675116 0.976995969156 0.979621150309 0.00979044126454
6292.4 0.988487552749 1.00630296639 0.980846431726 0.985331877261 0.990242207033 0.00864197587344
6301.6 0.990811639349 1.00821030744 0.987699569725 0.994118771636 0.995210072037 0.00701357130378
6310.8 0.995017351657 1.01994849047 1.00152502337 1.00317085682 1.00491543058 0.00822804052945
6320.0 1.00762079823 1.0264870726 1.00171642386 1.00188289433 1.00942679725 0.00906283571966
6329.2 1.00098668107 1.0273951391 1.00805447408 1.01537040206 1.01295167408 0.00873621831784
6338.4 1.00858367392 1.01769285151 1.00909082853 1.01450239854 1.01246743813 0.00340385445341
6347.6 1.01717199301 1.03691713944 1.01448369274 1.0145974401 1.02079256632 0.00838202700983
6356.8 1.02192577924 1.03771271175 1.01506561706 1.02508523323 1.02494733532 0.00734509371058
6366.0 1.02197275025 1.03516891048 1.01083538104 1.02270814333 1.02267129628 0.00770413621927
6375.2 1.02302651513 1.0390325924 1.01312209166 1.02122159112 1.02410069758 0.00840159976182
6384.4 1.02362681262 1.03161042813 1.01380671292 1.01267899778 1.02043073787 0.00691617740025
6393.6 1.0238726217 1.02925516982 1.01195079922 1.02823901362 1.02332940109 0.0061479541221
6402.8 1.02382641745 1.03582643349 1.02000439694 1.01695324508 1.02415262324 0.00640972828363
6412.0 1.01845943065 1.03083348451 1.01490628092 1.0167737214 1.02024322937 0.00558311644546
6421.2 1.00731741119 1.03479778871 1.01823677729 1.02223095581 1.02064573325 0.00878909371981
6430.4 1.01588281081 1.01819863398 1.00310116563 1.01235434901 1.01238423986 0.00514244180132
6439.6 1.00606090828 1.02475196638 1.01015139764 1.00663882306 1.01190077384 0.00678241288362
6448.8 1.00040844386 1.01460520697 0.995351868301 1.0063272054 1.00417318113 0.00641023853477
6458.0 1.00965965383 1.01822988758 1.00109641636 1.00059874965 1.00739617686 0.00645576664397
6467.2 1.00475830008 1.02192258434 0.995713028414 1.00106994077 1.0058659634 0.00877639921491
6476.4 1.00162715885 0.998562832744 0.984035238945 0.986465826525 0.992672764266 0.00675288099703
6485.6 0.982934529577 0.996033171255 0.990602254269 0.989112988407 0.989670735877 0.00417219050403
6494.8 0.99158717553 0.993690584996 0.984401671052 0.987460117825 0.989284887351 0.00322137510522
6504.0 1.00074160952 1.00687968725 0.983776122711 0.993430449426 0.996206967229 0.0077033094191
6513.2 0.997899757216 1.00636640987 0.985433278283 0.979768162344 0.992366901928 0.00931023185744
6522.4 0.988226937322 1.00674414213 0.986178531148 0.983540553659 0.991172541065 0.00817726981389
6531.6 0.999697552739 0.996240388277 0.982499028113 0.98810490524 0.991635468592 0.00603559290053
6540.8 0.983310289717 0.989100958486 0.982081861045 0.984320695806 0.984703451264 0.00237900003719
6550.0 1.00201340434 0.999008417936 0.985377451463 0.994613624799 0.995253224635 0.00561678716221
6559.2 0.99764436171 1.00651697248 0.978516340208 1.01472663898 0.999351078342 0.0120395772213
6568.4 0.968988224954 0.959971482035 0.969570901738 0.958422378848 0.964238246894 0.00453936345218
6577.6 0.963795282999 0.974416103747 0.960803790119 0.958107795294 0.96428074304 0.0055345405158
6586.8 0.989305771564 0.984828006726 0.975709618524 0.968222732265 0.97951653227 0.00729497741845
6596.0 1.00681292409 1.00218646267 0.99234114765 0.988465898039 0.997451608111 0.0065865450143
6605.2 0.994016408991 1.01511203248 0.984744238618 0.993996223045 0.996967225783 0.00996162237962
6614.4 0.993215849265 1.00329670528 0.988002625799 0.990396398521 0.993727894715 0.0052096429272
6623.6 0.993317503834 1.01419626931 0.986575114611 0.994488119563 0.997144251829 0.00921061344848
6632.8 0.993078704146 1.01088367648 0.991015354765 0.980763197786 0.993935233293 0.0096954791371
6642.0 0.994921997271 0.995561251491 0.993092709511 0.993858222019 0.994358545073 0.000850487382097
6651.2 1.0005164087 1.0041923287 0.991665657312 0.994339112937 0.997678376912 0.00442243085242
6660.4 1.00526160724 1.01282759305 0.99761162089 0.992069540254 1.00194259036 0.00701047176155
6669.6 1.01918332372 1.02726750718 1.00088412144 1.00805906988 1.01384850556 0.00905674014641
6678.8 0.985236006222 0.993978191038 0.98118868275 0.992172911823 0.988143947958 0.00462823468269
6688.0 1.01156938999 1.01489606485 1.00856791055 0.992474816131 1.00687704538 0.00770202575352
6697.2 1.00996312483 1.0304477742 1.00413579369 1.00534697521 1.01247341698 0.00948347213461
6706.4 1.00433119005 1.00891713377 1.00494385629 1.00821518668 1.0066018417 0.00178147320514
6715.6 1.01851095097 1.03417498639 1.00761270838 1.01330820937 1.01840171378 0.0088448231883
6724.8 1.02175558772 1.02853021692 1.01589446198 1.01443157125 1.02015295947 0.00497224182411
6734.0 1.01606533054 1.02717895509 1.01829698512 1.00172322977 1.01581612513 0.00817239712609
6743.2 1.01615026052 1.03325281278 1.02251843804 1.01276067932 1.02117054766 0.00698179213808
6752.4 1.03100890536 1.02955905154 1.02797787022 1.0349348578 1.03087017123 0.00230761192692
6761.6 1.02468748527 1.02773165001 1.02561512748 1.02476724708 1.02570037746 0.00109818201032
6770.8 1.02868067814 1.02463219357 1.0219333783 1.01124037549 1.02162165637 0.00577514131159
6780.0 1.04303285625 1.04194472191 1.0295940536 1.02523026588 1.03495047441 0.00689083582851
6789.2 1.0304594517 1.02856767148 1.01442156505 1.01346469505 1.02172834582 0.00699550648189
6798.4 1.03276050487 1.0320624837 1.02841254667 1.01429246465 1.02688199997 0.0066668313978
6807.6 1.02949276979 1.035464806 1.02592019631 1.02247642622 1.02833854958 0.00429717762372
6816.8 1.02329022512 1.02653511341 1.01310622554 1.01681105884 1.01993565573 0.00471614672881
6826.0 1.02425365851 1.03664448719 1.02872440182 1.0169269108 1.02663736458 0.00639489162482
6835.2 1.01269636315 1.01258297299 1.01885094327 1.01880685157 1.01573428274 0.00276817487172
6844.4 1.00060422343 1.01427272957 1.00223665863 1.00764655159 1.00619004081 0.00478083397911
6853.6 1.02252164433 1.02168058915 1.01549016864 1.02161344494 1.02032646177 0.00251787785006
6862.8 0.981305982861 1.00712553186 0.95062644674 0.98367562133 0.980683395698 0.017955209687
6872.0 0.835995363679 0.852125433495 0.806840304162 0.865828458513 0.840197389962 0.0196447555115
6881.2 0.862197308453 0.852492548097 0.884503538822 0.822455475598 0.855412217743 0.0199349629635
6890.4 0.908214276432 0.91345271521 0.88751917739 0.902806389605 0.902998139659 0.00867342232092
6899.6 0.889889376308 0.902325166034 0.899078300572 0.881884704 0.893294386729 0.00716636016602
6908.8 0.933523353959 0.941931967062 0.94070595067 0.914898501942 0.932764943408 0.00966311374467
6918.0 0.954854075128 0.963946618741 0.948851293709 0.94462611257 0.953069525037 0.00648969145799
6927.2 0.962077027282 0.973348994995 0.960073503244 0.954777646 0.96256929288 0.00605612136811
6936.4 0.979193558635 0.984712053514 0.979019098582 0.959092548601 0.975504314833 0.0087188617045
6945.6 0.973866686137 0.972472034377 0.970852815149 0.965414698662 0.970651558581 0.00286762561507
6954.8 0.96771071996 0.975007395294 0.971930557558 0.962189522548 0.96920954884 0.00430223590962
6964.0 0.976541821119 0.991241578298 0.994573218006 0.970011024548 0.983091910493 0.00908020655539
6973.2 1.00425392692 1.01337235048 1.00921399756 0.997270348821 1.00602765594 0.00536533043592
6982.4 1.00104383909 1.00058423887 0.998495176173 0.985020968018 0.996286055538 0.00588036215027
6991.6 0.995820401003 0.985587844855 1.00632279609 0.994655036396 0.995596519585 0.00657515157111
7000.8 1.0 1.0 1.0 1.0 1.0 0.0
7010.0 0.992476306335 0.981965634229 0.985553254433 0.987345179747 0.986835093686 0.00338934256784
7019.2 0.987912456081 0.994689461292 0.996252203597 0.979545769444 0.989599972603 0.00590067429187
7028.4 0.997823562696 1.00800001107 1.00272734762 0.990544614528 0.999773883979 0.00575109175911
7037.6 1.0115475698 1.02441526752 1.01989297054 1.00580526225 1.01541526753 0.00645540256371
7046.8 1.01184778749 1.0164859688 1.01160494598 1.00736168735 1.0118250974 0.00288772342945
7056.0 1.02177127829 1.02631555315 1.01806342688 1.00987000461 1.01900506573 0.0053931657416
7065.2 1.01060110046 1.01901729266 1.01317943343 1.02030361691 1.01577536087 0.00359240962336
7074.4 1.02393906752 1.02005114497 1.01790671482 1.00685608572 1.01718825326 0.00567520070548
7083.6 1.0317168965 1.03840101046 1.03693025962 1.03128268006 1.03458271166 0.00279976756913
7092.8 1.04152167141 1.03280090609 1.04364987165 1.04767786964 1.0414125797 0.00486687079276
7102.0 1.03553588783 1.03444419024 1.03246928259 1.01567887966 1.02953206008 0.00722098129399
7111.2 1.06413750163 1.04954985758 1.04827410553 1.01579077002 1.04443805869 0.0158087377318
7120.4 1.06725567297 1.07560206035 1.06187986525 1.03743784375 1.06054386058 0.012708034687
7129.6 1.05109823259 1.04654883019 1.05485644239 1.05749012649 1.05249840791 0.00368335572574
7138.8 1.04203349242 1.04420379069 1.04133907981 1.04407338997 1.04291243822 0.00111923211047
7148.0 1.05847290767 1.0583224125 1.06058548848 1.03668191702 1.05351568142 0.00872967985112
7157.2 1.06525378274 1.05630602333 1.05202953716 1.05174724851 1.05633414793 0.00488118830543
7166.4 1.02798403514 1.02160450719 1.02554015276 1.02198281535 1.02427787761 0.00235555353763
7175.6 1.0000419796 0.979554350798 1.01684324913 0.986937790564 0.995844342522 0.0126748943496
7184.8 0.991187855519 0.964233523448 1.00541562359 0.95533561118 0.979043153434 0.0180242817936
7194.0 0.959709788504 0.921261768153 0.986666731712 0.946769073708 0.953601840519 0.0210863038068
7203.2 0.948442897034 0.926301826746 0.971893741337 0.929598442124 0.94405922681 0.0162383269727
7212.4 1.00647661668 0.985583488429 1.02719326818 0.975251251812 0.998626156273 0.0178561303426
7221.6 1.03672454783 1.03930596993 1.03232144778 1.03062199728 1.03474349071 0.00308524890372
7230.8 1.02028693343 1.0144270658 1.03122448097 1.02531694608 1.02281385657 0.00554486536911
7240.0 1.0077112724 0.970839758303 0.999693851593 0.977228101666 0.988868245991 0.0136584970573
7249.2 0.98283853406 0.967929761395 1.00439928951 0.956444638368 0.977903055834 0.0160395737257
7258.4 1.01721331199 1.02122996966 1.02819366228 0.995814855802 1.01561294993 0.010810651449
7267.6 1.00952012639 0.997953435337 0.998334659198 0.999210326023 1.00125463674 0.00428769693289
7276.8 0.967471118393 0.9401974332 0.974993758787 0.971514607236 0.963544229404 0.0122891171043
7286.0 0.987006290207 0.975510663221 1.00677295456 0.960858939446 0.982537211858 0.0150110876758
7295.2 1.00489423444 0.997859247365 1.02269443229 0.996731989291 1.00554497585 0.00928726520698
7304.4 0.988127491682 0.967581415682 0.990161109175 0.972130948139 0.979500241169 0.00876867651152
7313.6 0.99617211777 0.981356612743 1.02175235811 0.961613805825 0.990223723611 0.0196295248897
7322.8 1.0270553437 1.01599232622 1.04414097731 1.00144604277 1.0221586725 0.0139587676424
7332.0 1.03614224817 1.01364988894 1.02583688421 1.03576395961 1.02784824523 0.00821082107221
7341.2 1.01215458054 1.0178371528 1.01828702406 0.994676238163 1.01073874889 0.00857172825377
7350.4 1.05843218333 1.05595139882 1.06239109648 1.04345595666 1.05505765882 0.00633348226026
7359.6 1.03308670778 1.03722964355 1.0466595569 1.03840193188 1.03884446003 0.0044052449075
7368.8 1.00889112525 0.997729279361 1.00971025481 1.00298173043 1.00482809746 0.00433926133797
7378.0 1.01386460406 1.00149039595 1.02577443935 0.984899115551 1.00650713872 0.0135457413447
7387.2 1.04161540147 1.01307800832 1.04270419533 1.0034174516 1.02520376418 0.0154743936872
7396.4 1.06692383706 1.06205552415 1.07014616516 1.06256584514 1.06542284288 0.00296863700411
7405.6 1.05231028072 1.04317311408 1.01359608647 1.03289697833 1.0354941149 0.0128687157797
7414.8 1.01908957245 1.00696218177 1.01333782886 0.984170897796 1.00589012022 0.0118538419248
7424.0 1.07280981066 1.06105045335 1.07374677773 1.02377685453 1.05784597407 0.018153377405
7433.2 1.08528809631 1.08308956022 1.06760138967 1.06439600601 1.07509376305 0.00822720933787
7442.4 1.0732621883 1.05363983055 1.0276695574 1.0570626132 1.05290854736 0.0146223688376
7451.6 1.00899191023 1.00536705355 1.00844910081 1.01307848108 1.00897163642 0.00245489898736
7460.8 1.07218226148 1.0668113881 1.05375841363 1.0114496814 1.05105043615 0.0213096905996
7470.0 1.04389906236 1.03428044216 1.02659497366 1.06416718877 1.04223541674 0.0125831269664
7479.2 1.01692868631 0.998795950879 0.99792955705 1.0403512526 1.01350136171 0.0154362780676
7488.4 0.999937228088 1.00081582796 0.995499027074 0.978599021318 0.993712776109 0.00801016135121
7497.6 1.0595759904 1.05222948497 1.06509036419 1.03144570478 1.05208538608 0.011412763184
7506.8 1.01690350602 1.0166684786 0.998998269679 1.00196116269 1.00863285425 0.00735270871874
7516.0 0.991341321545 0.982332767353 0.98650341324 0.972370020029 0.983136880542 0.00624849226449
7525.2 1.04989006984 1.03232722481 1.05696613801 1.03405791734 1.0433103375 0.00933819905923
7534.4 1.07140802345 1.06895016334 1.06019840184 1.06376044091 1.06607925738 0.0039140572466
7543.6 1.0013107375 0.988518727672 0.990620091068 0.995069101662 0.993879664474 0.00438178204108
7552.8 1.04061189651 1.02124933805 1.04704540271 1.01804231216 1.03173723736 0.0110512126892
7562.0 1.06569939591 1.05057180825 1.03081454373 1.04662752435 1.04842831806 0.0111029057872
7571.2 0.987610381482 0.978509562407 0.98988274084 0.980145299217 0.984036995986 0.00430440803158
7580.4 1.05990334279 1.05388913416 1.06699468155 1.0371289143 1.0544790182 0.00987359301228
7589.6 1.02995558491 1.03080411845 0.925703934058 1.02788512906 1.00358719162 0.0402299511382
7598.8 0.612223004463 0.653382835474 0.478311125235 0.697842947777 0.610439978237 0.0734092379067
7608.0 0.351798056648 0.363386133259 0.389963061482 0.354600459257 0.364936927662 0.0134772760445
7617.2 0.568310342088 0.566020028178 0.612198889261 0.526401599952 0.56823271487 0.0271579405486
7626.4 0.642389968512 0.675149933421 0.588493039497 0.640008622757 0.636510391047 0.0277326065886
7635.6 0.605152017757 0.63926684796 0.614111109609 0.59387453578 0.613101127776 0.0149567052917
7644.8 0.698513460336 0.675557792479 0.729244216658 0.686814303533 0.697532443252 0.0179129158024
7654.0 0.770867492506 0.758685608755 0.783823494667 0.772435462733 0.771453014665 0.00796672416443
7663.2 0.841776689596 0.823407342774 0.843072531963 0.819577282543 0.831958461719 0.00944812562398
7672.4 0.943646670788 0.959353904322 0.954415744872 0.94557744799 0.950748441993 0.00573894459857
7681.6 1.01049177416 1.01848859652 0.988768523344 0.998853984194 1.00415071955 0.0101039700618
7690.8 0.973036361123 0.976553057712 0.932994081747 0.947746024329 0.957582381228 0.0161248283666
7700.0 0.943420435933 0.954265334412 0.941705912861 0.957637119099 0.949257200576 0.00610564012399
7709.2 1.03842510484 1.05352159979 1.02327333846 1.06962959505 1.04621240954 0.0154183782297
7718.4 1.0072748702 1.00416947311 0.977507073722 1.05517886615 1.01103257079 0.0250362807571
7727.6 0.935060906879 0.915143850788 0.93071353943 0.948321901144 0.93231004956 0.0105940911079
7736.8 0.988544489505 0.964331150461 0.973583844808 0.976122843146 0.97564558198 0.00773145153702
7746.0 0.987477235045 0.96730003635 1.05529818907 1.056690449 1.01669147737 0.0357306096242
7755.2 1.06215432785 1.08569663716 1.05830013878 1.10357967993 1.07743269593 0.0164404426425
7764.4 1.05320687211 1.0726951814 1.03559967468 1.09775907375 1.06481520048 0.0206673322924
7773.6 1.04689055382 1.07526361596 1.05937920252 1.12251237681 1.07601143727 0.0256419722348
7782.8 1.04654159749 1.09833028365 1.07045675293 1.13341700008 1.08718640854 0.0289597499597
7792.0 0.995916135761 0.978741244293 0.9886185039 1.04362463856 1.00172513063 0.0223130270538
7801.2 1.0158584839 1.00318536542 1.01835432975 1.01840458052 1.0139506899 0.00563491037553
7810.4 0.978026937017 0.97125317166 0.978369266226 0.993917643984 0.980391754722 0.00743163781714
7819.6 0.967499677568 0.997923584817 0.958538901091 0.993246240351 0.979302100957 0.0149104416506
7828.8 1.03315632776 1.05465715364 1.00621722635 1.00790652816 1.02548430898 0.0178331914669
7838.0 1.07216827918 1.10326326458 1.05456840639 1.0939011784 1.08097528213 0.0169630147299
7847.2 1.03737427354 1.00622418434 1.02038112022 1.07898823202 1.03574195253 0.0244137623881
7856.4 0.96934990282 0.964384851426 0.956652782118 0.978049292193 0.967109207139 0.00694931818807
7865.6 0.995321214663 0.987159803489 0.972909373138 1.02165618628 0.994261644391 0.0158615210251
7874.8 1.09301994136 1.0633743433 1.06066870465 1.09773162303 1.07869865309 0.0150151040853
7884.0 1.11901043928 1.12536615286 1.10744881226 1.13217343566 1.12099971001 0.00814250570988
7893.2 1.0557940328 1.08948895304 1.07306174129 1.14734046373 1.09142129772 0.0307800662796
7902.4 1.0530071697 1.07362442577 1.06925610141 1.12123585369 1.07928088764 0.0227289213567
7911.6 0.974023429108 0.989305206358 0.975773370128 1.00334616423 0.985612042456 0.0105757644377
7920.8 0.978390948562 0.995140874754 1.00560631036 1.05405627079 1.00829860112 0.0251738205608
7930.0 1.10067788316 1.1043332843 1.0956410641 1.11591746682 1.1041424246 0.00667778742678
7939.2 1.02692098563 1.04672410656 0.978040232199 1.07736759012 1.03226322862 0.0322868187278
7948.4 0.963799564953 0.988270266009 0.981229321551 1.01542456131 0.987180928454 0.0166192613363
7957.6 1.1038990812 1.11733549 1.08907505922 1.14419684834 1.11362661969 0.0181422089355
7966.8 1.04237956312 1.08033377007 1.02215203107 1.11367557527 1.06463523488 0.0314691484604
7976.0 0.97708374151 1.02157328689 0.998927499354 1.02538389046 1.00574210455 0.0173445478699
7985.2 1.07757806828 1.13294588681 1.08842975409 1.11668575048 1.10390986492 0.0196942182628
7994.4 0.9905862601 0.999948869905 1.08556927064 1.12949285701 1.05139931441 0.0521757858001
