# Wavelength, scaling - divide through flux. Constructed from the median values of 30 spectra
4020.0 2.327116100064144
4029.2 2.293596871188864
4038.4 2.3032297074706527
4047.6 2.27713058419244
4056.8 2.269686275340522
4066.0 2.283316496507254
4075.2 2.2707995095824995
4084.4 2.2813706104454488
4093.6 2.3989747494596187
4102.8 2.2326590864727702
4112.0 2.2384059043901563
4121.2 2.254398044316857
4130.4 2.2779170427875073
4139.6 2.30520278997675
4148.8 2.262577590984667
4158.0 2.2797956299094007
4167.2 2.259580722554797
4176.4 2.249694169008197
4185.6 2.257396289103629
4194.8 2.2468193002601176
4204.0 2.2595791464712143
4213.2 2.2448659891278657
4222.4 2.253162275278227
4231.6 2.2701490590196407
4240.8 2.26741728298949
4250.0 2.282824917320697
4259.2 2.289833707865169
4268.4 2.268388746803069
4277.6 2.266953853955375
4286.8 2.263697026635858
4296.0 2.286297308445911
4305.2 2.2724412193091967
4314.4 2.2599179966264433
4323.6 2.2249776204850624
4332.8 2.4438628083997274
4342.0 2.16837252382802
4351.2 2.162002314503324
4360.4 2.2531467525896733
4369.6 2.263076675689438
4378.8 2.2904162114922437
4388.0 2.2730404746650326
4397.2 2.2430629553115145
4406.4 2.273681290003571
4415.6 2.284441205325858
4424.8 2.2843067830002814
4434.0 2.301557566587684
4443.2 2.2633636441378524
4452.4 2.2610417855919627
4461.6 2.3085986041991813
4470.8 2.30756255735699
4480.0 2.22849792776791
4489.2 2.2738924489856185
4498.4 2.286427975694031
4507.6 2.2979939885782987
4516.8 2.2573407747866057
4526.0 2.232659335390885
4535.2 2.2402512228999334
4544.4 2.2454846681922196
4553.6 2.2489583075590747
4562.8 2.2412165829616
4572.0 2.2353718956499953
4581.2 2.224096091968386
4590.4 2.2561800184601672
4599.6 2.245995196156925
4608.8 2.256314599483204
4618.0 2.245725474965207
4627.2 2.260528806920189
4636.4 2.2687551770981744
4645.6 2.2350130618259763
4654.8 2.2158778066493436
4664.0 2.2503497396270786
4673.2 2.2606527909176917
4682.4 2.247548076923077
4691.6 2.2329944578559044
4700.8 2.2079895901106052
4710.0 2.2073909579075
4719.2 2.1819434297046234
4728.4 2.2181512253019617
4737.6 2.217429251891286
4746.8 2.2257843171930816
4756.0 2.2177689129505627
4765.2 2.2099407354516245
4774.4 2.2078248699084875
4783.6 2.2139119760262846
4792.8 2.21662174434233
4802.0 2.2349846513667595
4811.2 2.2326734130634773
4820.4 2.242316842690384
4829.6 2.2388931396946847
4838.8 2.22679574847629
4848.0 2.2609789409430796
4857.2 2.1689010553042927
4866.4 2.0391962571976965
4875.6 2.222047776267236
4884.8 2.1926858275520313
4894.0 2.1806876790830945
4903.2 2.199336746567373
4912.4 2.2133194055737317
4921.6 2.187486969769866
4930.8 2.2209903061019265
4940.0 2.2401789817390254
4949.2 2.23498545572075
4958.4 2.2320201404962035
4967.6 2.2287097169464527
4976.8 2.2368217086087276
4986.0 2.2316938083822437
4995.2 2.2348305332054865
5004.4 2.2112025929199817
5013.6 2.1977442205726407
5022.8 2.204818723404255
5032.0 2.2286730810348514
5041.2 2.2168285431119923
5050.4 2.2014663721796373
5059.6 2.224281739130435
5068.8 2.219364068565447
5078.0 2.22012873845076
5087.2 2.228945512255334
5096.4 2.2257345383661176
5105.6 2.2244975692431206
5114.8 2.218555769316809
5124.0 2.2085713000044995
5133.2 2.20814717595945
5142.4 2.1958750624233896
5151.6 2.1945203229779664
5160.8 2.200641231163834
5170.0 2.2103183011654153
5179.2 2.2107658095899927
5188.4 2.2191154150565664
5197.6 2.218016575361709
5206.8 2.2284086092403337
5216.0 2.2229043717141095
5225.2 2.225919869956015
5234.4 2.2208265732251715
5243.6 2.225698919521295
5252.8 2.2148983364140475
5262.0 2.209822421699678
5271.2 2.204448045570615
5280.4 2.2131637913940114
5289.6 2.2227986177192367
5298.8 2.225336688475088
5308.0 2.229952380952381
5317.2 2.222393979456931
5326.4 2.220829799192683
5335.6 2.2308815058629907
5344.8 2.2306922081283975
5354.0 2.235396320808796
5363.2 2.2369134832049467
5372.4 2.2343109894160396
5381.6 2.2324666101335593
5390.8 2.230130767595152
5400.0 2.2300491768227495
5409.2 2.2294318731523783
5418.4 2.224902967727985
5427.6 2.2247616459205304
5436.8 2.227215176033239
5446.0 2.234301134486177
5455.2 2.2344482013192173
5464.4 2.238608414239482
5473.6 2.2395826974865347
5482.8 2.2366707591799955
5492.0 2.244467491206173
5501.2 2.2460177001256136
5510.4 2.2464603292983765
5519.6 2.2473722888786343
5528.8 2.2499086901032603
5538.0 2.2443192953803077
5547.2 2.251347343704138
5556.4 2.2434017104099087
5565.6 2.237975612643542
5574.8 2.231540068859076
5584.0 2.2246926422400954
5593.2 2.2138582809224316
5602.4 2.2221361496680747
5611.6 2.224710959820072
5620.8 2.2269126474723393
5630.0 2.231378774805867
5639.2 2.2277669625675083
5648.4 2.2270260468594216
5657.6 2.2368928638674452
5666.8 2.236513057224154
5676.0 2.233118760757315
5685.2 2.2438429789143113
5694.4 2.242110804036249
5703.6 2.2476666881651077
5712.8 2.2396009849024816
5722.0 2.2421353677621285
5731.2 2.2441404084849284
5740.4 2.237319973632169
5749.6 2.241302054340623
5758.8 2.2323123338649653
5768.0 2.2358838856226617
5777.2 2.240964571428571
5786.4 2.234732761531708
5795.6 2.247265530585919
5804.8 2.244801991678603
5814.0 2.2508032944406313
5823.2 2.263034221056989
5832.4 2.2647856250867213
5841.6 2.2639967859139185
5850.8 2.262815245568556
5860.0 2.2746591664897764
5869.2 2.266124685047873
5878.4 2.233575299673084
5887.6 2.2451633258557058
5896.8 2.2342406459519863
5906.0 2.2353624504504506
5915.2 2.245982870000726
5924.4 2.2378696540651
5933.6 2.2496086220848968
5942.8 2.2370545642999926
5952.0 2.2442262665280044
5961.2 2.253722719141324
5970.4 2.2437418388739143
5979.6 2.231227460711332
5988.8 2.2405175936435873
5998.0 2.236255409612027
6007.2 2.228031842766817
6016.4 2.232678462009804
6025.6 2.2384877747782492
6034.8 2.235753831862518
6044.0 2.2314567382508557
6053.2 2.2339989050524016
6062.4 2.237173383612224
6071.6 2.236599272842238
6080.8 2.2324806669313224
6090.0 2.239663554385125
6099.2 2.240899879566439
6108.4 2.2398172744103677
6117.6 2.2408745954692555
6126.8 2.2422397399431127
6136.0 2.2366277646290706
6145.2 2.241587442472058
6154.4 2.2413361372257965
6163.6 2.242928713527852
6172.8 2.2411659312297063
6182.0 2.2505842074347573
6191.2 2.2522142796789186
6200.4 2.2431214842426295
6209.6 2.24805181523777
6218.8 2.2419505221708613
6228.0 2.243253186358939
6237.2 2.242508568461139
6246.4 2.230544429017702
6255.6 2.225203558346416
6264.8 2.228420202020202
6274.0 2.2244344124168514
6283.2 2.1767731526874052
6292.4 2.1886011952546607
6301.6 2.189909977628635
6310.8 2.2100707088880895
6320.0 2.2232376811594206
6329.2 2.2165636925313468
6338.4 2.2189105483694664
6347.6 2.224515426164973
6356.8 2.227290263206332
6366.0 2.223754447739066
6375.2 2.2298260141421657
6384.4 2.2293290346696573
6393.6 2.2295077009767095
6402.8 2.2222530211480365
6412.0 2.2325292167818924
6421.2 2.2366483296849715
6430.4 2.2219171834748597
6439.6 2.2285666890401763
6448.8 2.22911429670964
6458.0 2.2291481158577935
6467.2 2.2337086621845463
6476.4 2.228314316469322
6485.6 2.211361982495821
6494.8 2.2137606466876973
6504.0 2.233760479041916
6513.2 2.246070993158621
6522.4 2.239578235835787
6531.6 2.226941076624636
6540.8 2.215959561239448
6550.0 2.273223039090379
6559.2 2.331452800900122
6568.4 2.215010704625443
6577.6 2.1824510220361986
6586.8 2.2003818461794573
6596.0 2.2383758949504298
6605.2 2.2428975579755477
6614.4 2.2308859228451388
6623.6 2.227216924910608
6632.8 2.2323117699237995
6642.0 2.2318003025718607
6651.2 2.2244661513083415
6660.4 2.232235432070617
6669.6 2.2615337518235266
6678.8 2.210846164996042
6688.0 2.1976400519059927
6697.2 2.25120494676278
6706.4 2.2268003038208777
6715.6 2.245671021049255
6724.8 2.241806164954179
6734.0 2.227502178527539
6743.2 2.235056063519912
6752.4 2.223650607040311
6761.6 2.22745064631182
6770.8 2.2422142302598527
6780.0 2.2263139418830087
6789.2 2.2242177701954997
6798.4 2.241514535286777
6807.6 2.2247362860625763
6816.8 2.2255862277820486
6826.0 2.239368950787056
6835.2 2.2391968390973553
6844.4 2.2345936279354324
6853.6 2.255102597233253
6862.8 2.215897722542665
6872.0 2.0420295357138594
6881.2 1.8327414924370555
6890.4 2.0287390488110137
6899.6 2.0088712622274887
6908.8 2.069098591549296
6918.0 2.129547814640567
6927.2 2.166110777746482
6936.4 2.2163925677254337
6945.6 2.2149739306629765
6954.8 2.2056039439208233
6964.0 2.204954295250193
6973.2 2.2555511263209356
6982.4 2.2546342265329606
6991.6 2.2481721879570165
7000.8 2.2440695421637606
7010.0 2.218046068105123
7019.2 2.2140999115486677
7028.4 2.212153869873574
7037.6 2.2013574637269584
7046.8 2.205490466225613
7056.0 2.2307010488131853
7065.2 2.204337279203411
7074.4 2.1699721817459263
7083.6 2.233796913294032
7092.8 2.220034723142577
7102.0 2.199627335796497
7111.2 2.229561762581267
7120.4 2.2614651689025376
7129.6 2.2477579878370877
7138.8 2.2396872541839583
7148.0 2.2895642476335545
7157.2 2.2811178280940867
7166.4 2.281818862171714
7175.6 2.2594253242673443
7184.8 2.2004487734085014
7194.0 2.1864511644073685
7203.2 2.1369788227493127
7212.4 2.1484483568723913
7221.6 2.270853910187122
7230.8 2.3028841796234802
7240.0 2.225741881860652
7249.2 2.2228848106878747
7258.4 2.23395558868644
7267.6 2.2171847786843815
7276.8 2.2098693353144254
7286.0 2.176678895313004
7295.2 2.2060839696907153
7304.4 2.186542596333928
7313.6 2.1896125417962105
7322.8 2.236399425455825
7332.0 2.268155147721065
7341.2 2.2547300222431215
7350.4 2.2855153755974387
7359.6 2.2947076142591842
7368.8 2.2690352257595934
7378.0 2.2307336059366953
7387.2 2.215597317482091
7396.4 2.245811999755606
7405.6 2.201873955634591
7414.8 2.17351436369524
7424.0 2.211084981127386
7433.2 2.1953035541849673
7442.4 2.1452472501791666
7451.6 2.2016263928884436
7460.8 2.218956010254313
7470.0 2.1625887939221276
7479.2 2.200467763733206
7488.4 2.2192327602735347
7497.6 2.16091580265143
7506.8 2.2430537371527834
7516.0 2.272634830279606
7525.2 2.2432972040490835
7534.4 2.1987986131553985
7543.6 2.2170413326324088
7552.8 2.295423793109136
7562.0 2.399741219350563
7571.2 2.3371542685971045
7580.4 2.29398893956861
7589.6 2.2476066124024503
7598.8 1.674998400808013
7608.0 0.8791613121406832
7617.2 1.1496463754331137
7626.4 1.595333878998704
7635.6 1.4557151910658925
7644.8 1.5173182380428805
7654.0 1.7536992873043538
7663.2 2.098019534497091
7672.4 2.31665595525525
7681.6 2.3360353130016054
7690.8 2.1995765084698307
7700.0 2.200209332139157
7709.2 2.255274382177065
7718.4 2.270851541904779
7727.6 2.331875445093292
7736.8 2.3428065906935966
7746.0 2.3319719676549866
7755.2 2.3927492217476294
7764.4 2.355752496173748
7773.6 2.2856443161552464
7782.8 2.310095168105824
7792.0 2.436350340762571
7801.2 2.383884037593429
7810.4 2.278988153723513
7819.6 2.2523194552963504
7828.8 2.213099694280814
7838.0 2.257421408376865
7847.2 2.27288707013065
7856.4 2.228362039724117
7865.6 2.1762011935208863
7874.8 2.1767548205167286
7884.0 2.170662260510783
7893.2 2.121285837734037
7902.4 2.0690946525813465
7911.6 2.0966484355371744
7920.8 2.033016316473624
7930.0 1.9753750873650693
7939.2 1.9768936510724675
7948.4 2.1122260678046096
7957.6 1.9408227898149613
7966.8 1.9772861614040647
7976.0 2.0350627366251066
7985.2 2.06503643241091
7994.4 2.0460396177861115
