# Wavelength, scaling - divide through flux. Constructed from the median values of 6 spectra
4020.0 2.3057134915544153
4029.2 2.2349669876782032
4038.4 2.23836867454807
4047.6 2.1995100997401726
4056.8 2.2130040036435275
4066.0 2.190323911875336
4075.2 2.196695274354176
4084.4 2.1704615989000198
4093.6 2.270416584790725
4102.8 2.1360813976185833
4112.0 2.1509163918612737
4121.2 2.173372656320086
4130.4 2.1397589817656617
4139.6 2.2168925107442288
4148.8 2.1534056900055427
4158.0 2.195904719975902
4167.2 2.1824327409098316
4176.4 2.1587065462229758
4185.6 2.189662837221274
4194.8 2.168428280177161
4204.0 2.1712883319541314
4213.2 2.1684651382651854
4222.4 2.1763326357842674
4231.6 2.1978677554175823
4240.8 2.2013565589723627
4250.0 2.2479263537193344
4259.2 2.2312154806491886
4268.4 2.1980512511910133
4277.6 2.233831135902637
4286.8 2.2165909148617424
4296.0 2.239412704960297
4305.2 2.2408843112775694
4314.4 2.2114550408719347
4323.6 2.1942765691683146
4332.8 2.3421881941770577
4342.0 2.13643431234874
4351.2 2.1087019942406546
4360.4 2.2219135621654726
4369.6 2.222220137753598
4378.8 2.2597197946253003
4388.0 2.2253344104292596
4397.2 2.1968130912253994
4406.4 2.2305595692662687
4415.6 2.218109039943938
4424.8 2.252398536448072
4434.0 2.260171286648206
4443.2 2.2391579487471853
4452.4 2.2337515698139057
4461.6 2.2645725728083868
4470.8 2.242475986540226
4480.0 2.1894357608052104
4489.2 2.2388223134394467
4498.4 2.2331585845347313
4507.6 2.240884280132251
4516.8 2.201340058496986
4526.0 2.1891349294339735
4535.2 2.1809704692312337
4544.4 2.1890782608695654
4553.6 2.181116540888284
4562.8 2.2011311102099387
4572.0 2.1890977420062008
4581.2 2.173371028708882
4590.4 2.207220471689105
4599.6 2.1988835868694956
4608.8 2.196673772609819
4618.0 2.199975402142603
4627.2 2.2092567324955117
4636.4 2.2096007421887944
4645.6 2.200141335655436
4654.8 2.1660763541874877
4664.0 2.204864102133378
4673.2 2.218947155020949
4682.4 2.196643418201517
4691.6 2.196394546258203
4700.8 2.1837468753210287
4710.0 2.180326346786766
4719.2 2.1496468705423926
4728.4 2.195270543880472
4737.6 2.1945453908657893
4746.8 2.1957584975064544
4756.0 2.1920487248895855
4765.2 2.183102463405926
4774.4 2.180901489323524
4783.6 2.1943993934361123
4792.8 2.205895601002579
4802.0 2.21692223359158
4811.2 2.2174402943882248
4820.4 2.224630720770799
4829.6 2.2186583961668456
4838.8 2.217174074624647
4848.0 2.2385075537921564
4857.2 2.1619376338966916
4866.4 2.0209932821497123
4875.6 2.177472130510779
4884.8 2.1800731874666464
4894.0 2.1574196752626555
4903.2 2.1899084632689476
4912.4 2.200763136111002
4921.6 2.1839740197257638
4930.8 2.1743614496601102
4940.0 2.229063570766316
4949.2 2.2283500323206207
4958.4 2.2125918707110084
4967.6 2.219636482457215
4976.8 2.216752740260273
4986.0 2.2236909977680415
4995.2 2.2178971943135863
5004.4 2.196788315022941
5013.6 2.1950455991516438
5022.8 2.172894468085106
5032.0 2.2127329484712424
5041.2 2.1952160985909424
5050.4 2.1889792559871815
5059.6 2.1862643478260866
5068.8 2.2133083264273568
5078.0 2.20366510487367
5087.2 2.2268206665491093
5096.4 2.210483785220627
5105.6 2.226986307479595
5114.8 2.2173943000313185
5124.0 2.225741799037033
5133.2 2.2111413830557565
5142.4 2.2065574068189044
5151.6 2.1980557456320424
5160.8 2.2037356295515957
5170.0 2.214600396149063
5179.2 2.220018531387538
5188.4 2.226553377717771
5197.6 2.2384997892962497
5206.8 2.230729524796307
5216.0 2.2268450717567374
5225.2 2.2241986995601453
5234.4 2.2136120577929246
5243.6 2.2297688841513637
5252.8 2.2172176281739464
5262.0 2.206205483461801
5271.2 2.1892182282459243
5280.4 2.2030666270077335
5289.6 2.21345019281815
5298.8 2.223295420231505
5308.0 2.214824721377913
5317.2 2.215693074341503
5326.4 2.207298553982934
5335.6 2.2148847973667967
5344.8 2.2267450168263005
5354.0 2.2266506852884467
5363.2 2.2400146727453754
5372.4 2.2258343425833287
5381.6 2.228187407250371
5390.8 2.226243886880715
5400.0 2.2190624331836646
5409.2 2.2133501746842246
5418.4 2.2277647440402184
5427.6 2.218661738326901
5436.8 2.224433632188935
5446.0 2.225341998017403
5455.2 2.2353361787040633
5464.4 2.2417553844437004
5473.6 2.247078096947935
5482.8 2.2474234061725618
5492.0 2.2466308861908546
5501.2 2.256879753340185
5510.4 2.259390855372612
5519.6 2.262028610982926
5528.8 2.2592470124144333
5538.0 2.263821045263649
5547.2 2.265608805400646
5556.4 2.263859746387496
5565.6 2.2590130223748073
5574.8 2.2488593137836874
5584.0 2.247117783735478
5593.2 2.2441438754117997
5602.4 2.2458380205190105
5611.6 2.2576023342046074
5620.8 2.258890274466654
5630.0 2.249806606680636
5639.2 2.251874107641691
5648.4 2.247682826520439
5657.6 2.2484522688759174
5666.8 2.2500830856781535
5676.0 2.2412975074902786
5685.2 2.232352111773377
5694.4 2.245107526190629
5703.6 2.2350813286036764
5712.8 2.235826346141385
5722.0 2.242559728742828
5731.2 2.2407979247389505
5740.4 2.2327359261700725
5749.6 2.243140490390987
5758.8 2.2265748272195642
5768.0 2.2328460716194547
5777.2 2.240251025210084
5786.4 2.2290208685081376
5795.6 2.2357984927693666
5804.8 2.2482729691016985
5814.0 2.2464936170212764
5823.2 2.2660562991582722
5832.4 2.2612956847509365
5841.6 2.2739049748462827
5850.8 2.2803271912001684
5860.0 2.2839528762470813
5869.2 2.282604564106256
5878.4 2.2218291318561567
5887.6 2.2485922280917574
5896.8 2.2325042174320524
5906.0 2.241447207207207
5915.2 2.25614937940045
5924.4 2.2589194278207563
5933.6 2.2628817773854193
5942.8 2.2414120085881395
5952.0 2.242107710592779
5961.2 2.252962880143113
5970.4 2.2503143156633723
5979.6 2.248599142792691
5988.8 2.230850548618993
5998.0 2.241483410523119
6007.2 2.2386051649272494
6016.4 2.235836090686275
6025.6 2.250643424604705
6034.8 2.2458214893946433
6044.0 2.2386104886399005
6053.2 2.2484087282965746
6062.4 2.250925917196952
6071.6 2.2437073980398354
6080.8 2.2374782056371574
6090.0 2.236952198547602
6099.2 2.246272822159775
6108.4 2.2452916364807214
6117.6 2.24827071197411
6126.8 2.2496568874441287
6136.0 2.2547514894311598
6145.2 2.241577580539119
6154.4 2.2424115124525814
6163.6 2.236456233421751
6172.8 2.2491621014070438
6182.0 2.253866241503734
6191.2 2.2591802281368825
6200.4 2.2462856658759742
6209.6 2.259447247315493
6218.8 2.2534562574901558
6228.0 2.258581984154323
6237.2 2.2556422018348625
6246.4 2.2479461992363765
6255.6 2.2564308390022676
6264.8 2.2504166886253842
6274.0 2.2555847450110864
6283.2 2.2112004634994205
6292.4 2.2171517259834097
6301.6 2.2121252796420583
6310.8 2.2401457358762142
6320.0 2.2416625
6329.2 2.2641633654370343
6338.4 2.254073601748953
6347.6 2.2549349079923102
6356.8 2.2681282900791464
6366.0 2.2777196071163823
6375.2 2.267897283215482
6384.4 2.2626616204093075
6393.6 2.269375657400451
6402.8 2.274139728096677
6412.0 2.271517946775263
6421.2 2.283644808223089
6430.4 2.27755576757943
6439.6 2.279730750791063
6448.8 2.256823936886665
6458.0 2.267603991087862
6467.2 2.278644061190685
6476.4 2.2564276347979253
6485.6 2.2394632707247517
6494.8 2.241067626182965
6504.0 2.2659768463073853
6513.2 2.2830083930316682
6522.4 2.2696631351001284
6531.6 2.263566117038474
6540.8 2.242892382348481
6550.0 2.273992576611213
6559.2 2.3108579286778417
6568.4 2.2261387110586615
6577.6 2.2168198253266063
6586.8 2.2402659397369735
6596.0 2.2668265399455407
6605.2 2.2671888619084477
6614.4 2.2462267113695202
6623.6 2.267426783585902
6632.8 2.2697607113467066
6642.0 2.2439956652825614
6651.2 2.254441677178683
6660.4 2.26584801797987
6669.6 2.284076079748906
6678.8 2.2274177974511358
6688.0 2.2518363408493505
6697.2 2.275782686330269
6706.4 2.2601825126867237
6715.6 2.287578174256418
6724.8 2.2660891974451545
6734.0 2.2586671880236846
6743.2 2.283699854920881
6752.4 2.264880287581108
6761.6 2.2864222267657146
6770.8 2.280970909256976
6780.0 2.2617914625612316
6789.2 2.271297030616009
6798.4 2.2732583075287702
6807.6 2.2744066871771054
6816.8 2.268821021734573
6826.0 2.2677954239569313
6835.2 2.264304613177483
6844.4 2.274857169749165
6853.6 2.2992825898837115
6862.8 2.2155495034786226
6872.0 1.9954020271480248
6881.2 1.8820626866745835
6890.4 2.043500770193511
6899.6 2.026127468169232
6908.8 2.1049541039339483
6918.0 2.1368095946176533
6927.2 2.202402919457745
6936.4 2.20791751208175
6945.6 2.221382539721762
6954.8 2.2178062561313316
6964.0 2.226026302024957
6973.2 2.2817449512993115
6982.4 2.2682972723479056
6991.6 2.25194353659312
7000.8 2.240752523707556
7010.0 2.236817670518458
7019.2 2.216534502429207
7028.4 2.231418182752595
7037.6 2.2121172613208038
7046.8 2.2044966661034353
7056.0 2.2260187156638542
7065.2 2.217287412939276
7074.4 2.201561796264406
7083.6 2.252722262701199
7092.8 2.222975587775333
7102.0 2.2202365700007975
7111.2 2.2357139417288705
7120.4 2.2812410430472494
7129.6 2.2611734908100933
7138.8 2.27125342447175
7148.0 2.293039386356218
7157.2 2.2809191580567156
7166.4 2.300510567528238
7175.6 2.2278321209667284
7184.8 2.191835003209511
7194.0 2.1839816475495306
7203.2 2.150826230504635
7212.4 2.1498792183742848
7221.6 2.284786557547342
7230.8 2.2955997662785554
7240.0 2.2214098191510705
7249.2 2.2385633162163323
7258.4 2.24360565964706
7267.6 2.2125883457289337
7276.8 2.2126874390012965
7286.0 2.212958941097056
7295.2 2.2004390128843943
7304.4 2.205333352995827
7313.6 2.175685164545081
7322.8 2.265888198393621
7332.0 2.277075108151604
7341.2 2.2595512562138924
7350.4 2.3158565545435414
7359.6 2.331328531956335
7368.8 2.2980417019731267
7378.0 2.260063304558534
7387.2 2.248279835390946
7396.4 2.2859818537300667
7405.6 2.2560862166761204
7414.8 2.2356392345530525
7424.0 2.2499398872303082
7433.2 2.2320935738093013
7442.4 2.197749976630418
7451.6 2.275317077751346
7460.8 2.234945818850951
7470.0 2.2078673630895853
7479.2 2.2739693139359245
7488.4 2.286934556144948
7497.6 2.2204198632555454
7506.8 2.2847399996783166
7516.0 2.2993638113103803
7525.2 2.2420554633336582
7534.4 2.2088558532038074
7543.6 2.2143317124457877
7552.8 2.259224489122726
7562.0 2.3829393638170973
7571.2 2.3323068730237977
7580.4 2.259658830802132
7589.6 2.2549728958630526
7598.8 1.577620738995034
7608.0 0.8334403111261415
7617.2 1.1106814321625111
7626.4 1.5779019166496142
7635.6 1.4241426442628846
7644.8 1.4605538757559096
7654.0 1.6562963985573522
7663.2 2.0279703518980323
7672.4 2.2725879348977784
7681.6 2.3385389768999936
7690.8 2.134706005879882
7700.0 2.1147800432010966
7709.2 2.1693284648356883
7718.4 2.1361794731161865
7727.6 2.277675544794189
7736.8 2.2723201602948278
7746.0 2.2194235399820306
7755.2 2.2758408745384786
7764.4 2.3513129509510966
7773.6 2.216641723814602
7782.8 2.163700532794415
7792.0 2.315036655000921
7801.2 2.3056108932139425
7810.4 2.2926100739697075
7819.6 2.149583658890501
7828.8 2.1064562672433076
7838.0 2.123202830983542
7847.2 2.2320806427391497
7856.4 2.165277578864056
7865.6 2.0013920621388652
7874.8 2.0205761755963723
7884.0 2.0720146702068725
7893.2 1.94802304368699
7902.4 1.8496018780426793
7911.6 2.0300620373770366
7920.8 1.9346246823040958
7930.0 1.7963011571018095
7939.2 1.8721353709233561
7948.4 1.9332930858176671
7957.6 1.838713427170647
7966.8 1.761724971276891
7976.0 1.9431382187952189
7985.2 1.9043985665936691
7994.4 1.914027409284047
