# Wavelength, scaling - divide through flux. Constructed from the median values of 8 spectra
4020.0 2.030983108830447
4029.2 1.9904142310441986
4038.4 2.0486257584287237
4047.6 2.0694824407006958
4056.8 2.0538547249348618
4066.0 2.0534456743686187
4075.2 2.070163257404659
4084.4 2.042903162443528
4093.6 2.1220254470426414
4102.8 2.0720325004879956
4112.0 2.0519572873903584
4121.2 2.044498519781107
4130.4 2.069893933923091
4139.6 2.104674854982269
4148.8 2.047215961573989
4158.0 2.06910118868318
4167.2 2.0612587640632642
4176.4 2.0602094605577874
4185.6 2.059711738692997
4194.8 2.045719307290324
4204.0 2.0841692871497814
4213.2 2.074149373670527
4222.4 2.069920574526777
4231.6 2.0877501026743652
4240.8 2.068299922148696
4250.0 2.1164198627770374
4259.2 2.133623970037453
4268.4 2.1134060478411314
4277.6 2.108692697768763
4286.8 2.11424675621461
4296.0 2.133238114880891
4305.2 2.131297336662505
4314.4 2.087228753081614
4323.6 2.0873545331529093
4332.8 2.2234961348221427
4342.0 2.021526785981057
4351.2 2.0132669483542807
4360.4 2.08545043005885
4369.6 2.087407069922011
4378.8 2.087682980117981
4388.0 2.0769135630518956
4397.2 2.060607806893552
4406.4 2.095204790813944
4415.6 2.102314786264891
4424.8 2.108346749226006
4434.0 2.1234908218904334
4443.2 2.10068812177532
4452.4 2.1093743578034023
4461.6 2.1452728289996763
4470.8 2.138146222086265
4480.0 2.1231486086441684
4489.2 2.1417269586274106
4498.4 2.1708387942332896
4507.6 2.166859633303276
4516.8 2.126371993075867
4526.0 2.1368645312078627
4535.2 2.129465547436439
4544.4 2.1268790236460715
4553.6 2.127562786094272
4562.8 2.1451714134198463
4572.0 2.1149202968901695
4581.2 2.098877260941552
4590.4 2.143467328686464
4599.6 2.1186081665332264
4608.8 2.1230426356589147
4618.0 2.1193067288086223
4627.2 2.1386681899787825
4636.4 2.1381948908253534
4645.6 2.1226505459173417
4654.8 2.111657672063428
4664.0 2.152591970435075
4673.2 2.1523030139208004
4682.4 2.1414788732394365
4691.6 2.1478535241916292
4700.8 2.1382268944971408
4710.0 2.118496448986662
4719.2 2.1313008384650174
4728.4 2.1554590518746073
4737.6 2.1721735780330627
4746.8 2.1728086867329255
4756.0 2.1747164838296054
4765.2 2.177588004284184
4774.4 2.1695460254799928
4783.6 2.1861457919630283
4792.8 2.1907987939990554
4802.0 2.1811599181406227
4811.2 2.1972938362465504
4820.4 2.193789883268482
4829.6 2.198688110537458
4838.8 2.2024178682919575
4848.0 2.2023866931176563
4857.2 2.112493850670475
4866.4 2.0191658669225845
4875.6 2.169478345309769
4884.8 2.143381108485172
4894.0 2.1216374403056353
4903.2 2.1504770770304864
4912.4 2.1587874965509086
4921.6 2.130979071445754
4930.8 2.1371368810586864
4940.0 2.183519167976781
4949.2 2.1687879767291536
4958.4 2.1640703293133554
4967.6 2.159887268717069
4976.8 2.1608522517344717
4986.0 2.1655939489129534
4995.2 2.1707241422437153
5004.4 2.14908784779223
5013.6 2.145425238600212
5022.8 2.1490493617021276
5032.0 2.1795792174470816
5041.2 2.1733589003317966
5050.4 2.1669455632064443
5059.6 2.197246956521739
5068.8 2.1946970820430067
5078.0 2.2148714804921834
5087.2 2.2222844295538704
5096.4 2.2227006911217435
5105.6 2.2295499754694257
5114.8 2.233156458324012
5124.0 2.232862349817756
5133.2 2.235755792903693
5142.4 2.220385890044037
5151.6 2.225398476346882
5160.8 2.2370530847799204
5170.0 2.235021419687687
5179.2 2.232968264998842
5188.4 2.2403203128637275
5197.6 2.2433000889638057
5206.8 2.246222389676447
5216.0 2.2382475252214276
5225.2 2.242843755976286
5234.4 2.2303710459367343
5243.6 2.2292824264741506
5252.8 2.221093491584784
5262.0 2.1976202556346958
5271.2 2.195648202710666
5280.4 2.19511005353956
5289.6 2.202735513597436
5298.8 2.1961338701560136
5308.0 2.199807497467072
5317.2 2.189857622292281
5326.4 2.1922845025803483
5335.6 2.1878481793869575
5344.8 2.1993103805332646
5354.0 2.191755693365991
5363.2 2.1878960331184825
5372.4 2.188707282396925
5381.6 2.195164299342802
5390.8 2.196564958537104
5400.0 2.1933108830446866
5409.2 2.203990325181403
5418.4 2.1981728742094164
5427.6 2.205533510898516
5436.8 2.209196369997813
5446.0 2.2127756360832693
5455.2 2.220618590987196
5464.4 2.2332747461220843
5473.6 2.253202423698384
5482.8 2.249909889614778
5492.0 2.2587474185861796
5501.2 2.2662049788740433
5510.4 2.275052492685446
5519.6 2.272621481310568
5528.8 2.2854085160691495
5538.0 2.2833003966402243
5547.2 2.2948569415908424
5556.4 2.2872265408434087
5565.6 2.2885107138629097
5574.8 2.2828202540662472
5584.0 2.268767947572237
5593.2 2.2637241090146745
5602.4 2.2621630657815324
5611.6 2.257097684031366
5620.8 2.261823950119201
5630.0 2.2618057438678663
5639.2 2.2561036687565954
5648.4 2.248136465603191
5657.6 2.23890328249545
5666.8 2.2379076825798294
5676.0 2.2307759291132783
5685.2 2.2235772607831823
5694.4 2.21923336975384
5703.6 2.214289970977104
5712.8 2.2084945247197565
5722.0 2.2190481220657277
5731.2 2.2112965127733633
5740.4 2.2031789057350033
5749.6 2.2063093439363817
5758.8 2.204757442849548
5768.0 2.210990513094602
5777.2 2.2108985546218487
5786.4 2.216950496386844
5795.6 2.2316068979564125
5804.8 2.2273689379987722
5814.0 2.2399102264927935
5823.2 2.2597557610045533
5832.4 2.2531469404745383
5841.6 2.283033258803801
5850.8 2.272593007776922
5860.0 2.286335243755749
5869.2 2.298295875026996
5878.4 2.255704613149292
5887.6 2.2730714234025617
5896.8 2.265335880614231
5906.0 2.2840533333333335
5915.2 2.2943026783770053
5924.4 2.284799299372354
5933.6 2.2939723387037447
5942.8 2.292164951506626
5952.0 2.290020353587877
5961.2 2.2920979427549195
5970.4 2.301827493261456
5979.6 2.3056762162568614
5988.8 2.2988971623155505
5998.0 2.292325867436034
6007.2 2.2894178410908816
6016.4 2.291301317401961
6025.6 2.287186579251832
6034.8 2.276060226041183
6044.0 2.2753278867102393
6053.2 2.2777217268887853
6062.4 2.2642297116819856
6071.6 2.2715494783433448
6080.8 2.26339118697896
6090.0 2.248656611603224
6099.2 2.263301324769169
6108.4 2.24888819125815
6117.6 2.254964563106796
6126.8 2.2452264932954087
6136.0 2.2377081531053618
6145.2 2.2486037146614075
6154.4 2.244263730826324
6163.6 2.2399282161803713
6172.8 2.238217467321622
6182.0 2.245250146849039
6191.2 2.253749387410224
6200.4 2.254693832599119
6209.6 2.2612979376171807
6218.8 2.2628270844033556
6228.0 2.2726086806751633
6237.2 2.2781052449368184
6246.4 2.2604668517875735
6255.6 2.280444270015699
6264.8 2.2793746157224417
6274.0 2.2729584035476718
6283.2 2.236142971744362
6292.4 2.261459637855678
6301.6 2.2751885458612975
6310.8 2.283557394746312
6320.0 2.3076987318840576
6329.2 2.3103936034890067
6338.4 2.3230954636545817
6347.6 2.321240501693674
6356.8 2.3307769188293763
6366.0 2.331206263899184
6375.2 2.327588760699665
6384.4 2.32124530417718
6393.6 2.3352593914350113
6402.8 2.3271744712990934
6412.0 2.339656028032958
6421.2 2.3260921290568195
6430.4 2.3380721305218968
6439.6 2.320279988493623
6448.8 2.3206463344237056
6458.0 2.3103950402014917
6467.2 2.301819156192147
6476.4 2.3007024170662493
6485.6 2.2835641656013377
6494.8 2.274026616719243
6504.0 2.2873373253493012
6513.2 2.3018156354220194
6522.4 2.2924108760106456
6531.6 2.270645206918849
6540.8 2.268610423090532
6550.0 2.300934160880991
6559.2 2.3220942419285944
6568.4 2.243123035309599
6577.6 2.220863213949007
6586.8 2.2631552771766272
6596.0 2.2896931147954622
6605.2 2.29323825378816
6614.4 2.285185035861308
6623.6 2.277757960156649
6632.8 2.287098718592696
6642.0 2.2815652192573044
6651.2 2.30662526549579
6660.4 2.319779377436131
6669.6 2.3396806065160693
6678.8 2.278917791876191
6688.0 2.3142302274769024
6697.2 2.3350225955073514
6706.4 2.3283852360666204
6715.6 2.343588660170119
6724.8 2.3528617606220497
6734.0 2.3566982460060326
6743.2 2.3748637493392715
6752.4 2.353349460785422
6761.6 2.3507001522070015
6770.8 2.3642608576517334
6780.0 2.3486427514368637
6789.2 2.361532644780524
6798.4 2.364548689744419
6807.6 2.346322168688687
6816.8 2.349309758427098
6826.0 2.359458365030136
6835.2 2.3375597078987287
6844.4 2.3351475363546523
6853.6 2.351276805083038
6862.8 2.2420293750371645
6872.0 1.9959320941227037
6881.2 1.8711758849424833
6890.4 2.0501321363242515
6899.6 2.0125668960013545
6908.8 2.1108013598834385
6918.0 2.15088974477732
6927.2 2.216811129208048
6936.4 2.2192454593524427
6945.6 2.2279040747238628
6954.8 2.2439903637199023
6964.0 2.2480990809235593
6973.2 2.3148997781204166
6982.4 2.3019241517975697
6991.6 2.2826436065365296
7000.8 2.3037855613337417
7010.0 2.29400322118826
7019.2 2.3103582919919496
7028.4 2.3134461404049746
7037.6 2.3105049827025352
7046.8 2.3272516474518112
7056.0 2.35124911284599
7065.2 2.317910807446837
7074.4 2.321999205192741
7083.6 2.410679207789627
7092.8 2.3867293980438413
7102.0 2.3696727891337286
7111.2 2.398107392246569
7120.4 2.424073325790636
7129.6 2.392884831574813
7138.8 2.398543955298776
7148.0 2.4379847133064954
7157.2 2.388279841723456
7166.4 2.3952044903333105
7175.6 2.317966016503078
7184.8 2.284852502023387
7194.0 2.268945151199166
7203.2 2.226001188025805
7212.4 2.2177756280920926
7221.6 2.377223914538793
7230.8 2.3598027619034045
7240.0 2.286144564500874
7249.2 2.303799116018938
7258.4 2.335631979586278
7267.6 2.2937661925048736
7276.8 2.312731722239217
7286.0 2.292408065036833
7295.2 2.297590588790282
7304.4 2.28389789267228
7313.6 2.2922326509063176
7322.8 2.3397215219557954
7332.0 2.3677854390290722
7341.2 2.369307776135668
7350.4 2.4068434184026213
7359.6 2.4234732980024463
7368.8 2.354165052657063
7378.0 2.3560090867787373
7387.2 2.372084743179393
7396.4 2.3853818659497774
7405.6 2.3429801781361626
7414.8 2.311175155356124
7424.0 2.358302862734743
7433.2 2.364136685045012
7442.4 2.3171757080983393
7451.6 2.394317954175535
7460.8 2.375280814054071
7470.0 2.3338866729977843
7479.2 2.3676457588043562
7488.4 2.370752859973158
7497.6 2.298671075016853
7506.8 2.361184758657295
7516.0 2.335372673318563
7525.2 2.2677466393255865
7534.4 2.227172995780591
7543.6 2.2067117886713103
7552.8 2.248008774389339
7562.0 2.317624254473161
7571.2 2.1848870028290897
7580.4 2.139966584799425
7589.6 2.0165209364773014
7598.8 1.3979355273125158
7608.0 0.6486280351707812
7617.2 0.9959885182417284
7626.4 1.2792923402223586
7635.6 1.1132326190843225
7644.8 1.2194255085211654
7654.0 1.4679500940482149
7663.2 1.748448323635356
7672.4 1.9192899202723592
7681.6 1.9121222695233442
7690.8 1.7891971160576787
7700.0 1.796714258117767
7709.2 1.8358444903071036
7718.4 1.836281735991932
7727.6 1.9081088876228458
7736.8 1.892749163640267
7746.0 1.8873865229110511
7755.2 1.978273727647868
7764.4 1.9569841848261786
7773.6 1.8448162379805484
7782.8 1.9057990079000553
7792.0 1.9776150303923377
7801.2 1.9677025826981427
7810.4 1.93507684321759
7819.6 1.8269133459835547
7828.8 1.8499716650510771
7838.0 1.8952539834110356
7847.2 1.9367217299894879
7856.4 1.917105868164173
7865.6 1.8075710902718574
7874.8 1.9319080100602088
7884.0 1.969534870394071
7893.2 1.821718674987998
7902.4 1.9101425850025975
7911.6 1.9458713255899351
7920.8 1.8526376035543142
7930.0 1.7934623747767335
7939.2 1.9138013544899195
7948.4 1.942733422480925
7957.6 1.8208362328008858
7966.8 1.8892432946396736
7976.0 1.965537869928046
7985.2 1.9894222576149714
7994.4 1.9251922041133873
