# Wavelength, scaling - divide through flux. Constructed from the median values of 7 spectra
4020.0 1.9809766944622618
4029.2 1.9883123764666304
4038.4 1.9375050561914886
4047.6 1.9890269047020368
4056.8 1.9722236109051623
4066.0 2.000205480924234
4075.2 2.0424538082639647
4084.4 1.9441428228464177
4093.6 2.0332943603851446
4102.8 2.0592982627366783
4112.0 2.0288337034793726
4121.2 2.0427244998654346
4130.4 2.03063278570139
4139.6 2.0546074540287917
4148.8 2.049139109551081
4158.0 2.0328373149199432
4167.2 2.012174885281032
4176.4 1.9914971088869793
4185.6 2.0236851587542994
4194.8 1.986618236355541
4204.0 2.015755053788864
4213.2 2.0045511699361853
4222.4 1.9889241890992102
4231.6 2.0249095257652256
4240.8 2.0139743090696776
4250.0 2.0584974579199367
4259.2 2.077941573033708
4268.4 2.009643448172108
4277.6 2.0577271805273836
4286.8 2.0675509737704085
4296.0 2.055184077549758
4305.2 2.0724615064502703
4314.4 2.025377449072272
4323.6 2.0005371083584884
4332.8 2.077311850250274
4342.0 2.014692999492067
4351.2 2.014693328309605
4360.4 2.048517029265305
4369.6 2.0791391740144185
4378.8 2.0676917194669
4388.0 2.075512966935012
4397.2 2.0333576166141136
4406.4 2.0742554185094635
4415.6 2.114251436580238
4424.8 2.1184475091471997
4434.0 2.107953980987182
4443.2 2.1055773780679
4452.4 2.1123952505993837
4461.6 2.1401407579728495
4470.8 2.146758029978587
4480.0 2.1389366489046777
4489.2 2.135063048164663
4498.4 2.1495400929345885
4507.6 2.1615148782687106
4516.8 2.124000477526413
4526.0 2.104145267132113
4535.2 2.1169333896974454
4544.4 2.089104500381388
4553.6 2.1210911790176916
4562.8 2.1141878528870452
4572.0 2.134523816980364
4581.2 2.1095748336509326
4590.4 2.1634819695088954
4599.6 2.1526981585268214
4608.8 2.1454315245478033
4618.0 2.161299802569829
4627.2 2.1358668189978784
4636.4 2.1468142208674332
4645.6 2.130513765155067
4654.8 2.109342394563262
4664.0 2.1351815891147323
4673.2 2.1673320719016083
4682.4 2.1398483206933907
4691.6 2.1177246608411817
4700.8 2.1345765845974722
4710.0 2.1113597782781914
4719.2 2.094981038861636
4728.4 2.1337010402848566
4737.6 2.1163014850098065
4746.8 2.113958900717999
4756.0 2.13817210428836
4765.2 2.1131253123884326
4774.4 2.1036684012201685
4783.6 2.1043333212983355
4792.8 2.131114097860438
4802.0 2.1269945914340007
4811.2 2.1526123275068993
4820.4 2.138751158050769
4829.6 2.153635181814805
4838.8 2.1397547197859375
4848.0 2.1338638791393256
4857.2 2.077259382686662
4866.4 2.0284277031349967
4875.6 2.1424696057486887
4884.8 2.108820614469772
4894.0 2.1220997134670485
4903.2 2.1643627336901714
4912.4 2.116231621270054
4921.6 2.1360452249218187
4930.8 2.1513599613853023
4940.0 2.204340710283388
4949.2 2.188781512605042
4958.4 2.157841393592399
4967.6 2.1834709798635785
4976.8 2.2022119134611433
4986.0 2.2099330412498968
4995.2 2.193818318255722
5004.4 2.16614555709896
5013.6 2.1688008483563097
5022.8 2.1604085106382978
5032.0 2.1932503741714777
5041.2 2.164571034601629
5050.4 2.1677883157940325
5059.6 2.2009721739130437
5068.8 2.1866358442011604
5078.0 2.195784034680562
5087.2 2.2044330805854346
5096.4 2.205982633351055
5105.6 2.2084866865884663
5114.8 2.1984841841528344
5124.0 2.202973495927642
5133.2 2.202722664735699
5142.4 2.2002723929722614
5151.6 2.1934364308197623
5160.8 2.208030046260248
5170.0 2.201433506840481
5179.2 2.203950891823025
5188.4 2.216356441175101
5197.6 2.2147661188369154
5206.8 2.2183186549239386
5216.0 2.218557286979586
5225.2 2.227664945496271
5234.4 2.208365573849181
5243.6 2.212153689616745
5252.8 2.202683140383306
5262.0 2.196977266074739
5271.2 2.199416617560401
5280.4 2.205451120364862
5289.6 2.2119136575349327
5298.8 2.2185948666331154
5308.0 2.2197183383991894
5317.2 2.2192169226075458
5326.4 2.2183005467273005
5335.6 2.2198724542275254
5344.8 2.2280652342738803
5354.0 2.2255646464120065
5363.2 2.2281528061625533
5372.4 2.2225348849455004
5381.6 2.234500741997032
5390.8 2.244599192005103
5400.0 2.226623904212102
5409.2 2.219609782316582
5418.4 2.2217395534893774
5427.6 2.217341957927923
5436.8 2.21785917340914
5446.0 2.227734331974887
5455.2 2.2345967518430245
5464.4 2.238879589331548
5473.6 2.2369061938958708
5482.8 2.2406654651948643
5492.0 2.258645637126972
5501.2 2.2611017471736896
5510.4 2.2571565601514543
5519.6 2.2541335948315644
5528.8 2.269440538345516
5538.0 2.2552790480634624
5547.2 2.274872439095979
5556.4 2.2461341197286933
5565.6 2.260428554516396
5574.8 2.248789742372076
5584.0 2.2383294608281203
5593.2 2.2322700209643607
5602.4 2.241188654194327
5611.6 2.2349958057260957
5620.8 2.2336612262363222
5630.0 2.2445312461481577
5639.2 2.238406853311813
5648.4 2.2405812562313057
5657.6 2.2544233979790373
5666.8 2.248418084097376
5676.0 2.252988844265953
5685.2 2.2478174709991667
5694.4 2.246959316151423
5703.6 2.234381167365366
5712.8 2.23166772500486
5722.0 2.240139280125196
5731.2 2.2520845865896106
5740.4 2.236260250494397
5749.6 2.2270306163021867
5758.8 2.2272490696438063
5768.0 2.235044628540887
5777.2 2.233118924369748
5786.4 2.226977780779361
5795.6 2.2466263833254123
5804.8 2.245310688220449
5814.0 2.2848291008922446
5823.2 2.257194701255692
5832.4 2.2857180518939915
5841.6 2.3045475125768586
5850.8 2.303653331465004
5860.0 2.296653505978915
5869.2 2.30602865164495
5878.4 2.2719041046131494
5887.6 2.303241913307765
5896.8 2.263185927474588
5906.0 2.293821693693694
5915.2 2.298665021412499
5924.4 2.278268282002627
5933.6 2.295264915765468
5942.8 2.293516250832901
5952.0 2.3021390580894368
5961.2 2.290915623136554
5970.4 2.292161725067386
5979.6 2.2828369050304533
5988.8 2.287470298902762
5998.0 2.288038569584694
6007.2 2.2976037175287574
6016.4 2.2895998774509807
6025.6 2.287591515618974
6034.8 2.311985137018114
6044.0 2.285421724245254
6053.2 2.282840294071641
6062.4 2.3041844606803363
6071.6 2.3152235219728103
6080.8 2.2635633187772926
6090.0 2.2897601149150106
6099.2 2.28241766358892
6108.4 2.282691137406424
6117.6 2.2824899676375403
6126.8 2.2938639577407556
6136.0 2.286412796866074
6145.2 2.30373865877712
6154.4 2.2936737588652485
6163.6 2.3004237400530503
6172.8 2.3026282574306887
6182.0 2.310712091969455
6191.2 2.3269326573722013
6200.4 2.323384954252796
6209.6 2.3103183910005116
6218.8 2.30175654853621
6228.0 2.31346296934206
6237.2 2.3270635277825855
6246.4 2.3173575147518224
6255.6 2.285558695272981
6264.8 2.308061133069829
6274.0 2.2662041685144123
6283.2 2.2309400124788303
6292.4 2.2614792614396575
6301.6 2.2629211633109616
6310.8 2.2724436847786977
6320.0 2.2978163043478257
6329.2 2.313403598037435
6338.4 2.3072166150482785
6347.6 2.314467453996155
6356.8 2.2794216823117983
6366.0 2.307289103039288
6375.2 2.3180003721622624
6384.4 2.309191290533595
6393.6 2.318237415477085
6402.8 2.3245521148036254
6412.0 2.336974334690785
6421.2 2.3256069287141905
6430.4 2.3146531819482874
6439.6 2.3382709751654036
6448.8 2.3341385414662303
6458.0 2.326507798120702
6467.2 2.342052031569717
6476.4 2.3281597025149234
6485.6 2.3351283312026747
6494.8 2.319509069400631
6504.0 2.3277540918163675
6513.2 2.37502362744209
6522.4 2.3525721744937917
6531.6 2.3486998868412545
6540.8 2.334980134458879
6550.0 2.3473646969805415
6559.2 2.3733438903184805
6568.4 2.377085208818523
6577.6 2.302150989919501
6586.8 2.315261777925753
6596.0 2.357004110726789
6605.2 2.37560350769296
6614.4 2.3598412765776855
6623.6 2.343886855099609
6632.8 2.3287584563263475
6642.0 2.333000718876407
6651.2 2.3587933283738183
6660.4 2.3724478030031593
6669.6 2.3548852835860483
6678.8 2.325962068081216
6688.0 2.3691536439559466
6697.2 2.3867733615501616
6706.4 2.3570018603524763
6715.6 2.3936947360270775
6724.8 2.346007886698139
6734.0 2.3772736007150037
6743.2 2.381392984468662
6752.4 2.372684316429653
6761.6 2.3497944069606307
6770.8 2.3733895054117005
6780.0 2.4024595899918544
6789.2 2.3806561232017707
6798.4 2.3662457826870638
6807.6 2.394401811110466
6816.8 2.388042956647331
6826.0 2.389230499151501
6835.2 2.3720340079257753
6844.4 2.383171913972422
6853.6 2.40742967555329
6862.8 2.2291681037045845
6872.0 1.975755405131144
6881.2 1.9963553924214616
6890.4 2.122630692211418
6899.6 2.1277486910994763
6908.8 2.2253535696940263
6918.0 2.294259805474977
6927.2 2.321207460292191
6936.4 2.346791111766948
6945.6 2.3643401121846352
6954.8 2.370863167306188
6964.0 2.3620050312585614
6973.2 2.4192601506775477
6982.4 2.3955811277330263
6991.6 2.410023017740192
7000.8 2.4014040991128787
7010.0 2.4155486246037423
7019.2 2.4105398095091592
7028.4 2.4136750950765746
7037.6 2.425665306965457
7046.8 2.40354263878238
7056.0 2.413448466209289
7065.2 2.4027117925902384
7074.4 2.376582858656776
7083.6 2.4303578194343247
7092.8 2.423054576298142
7102.0 2.394673719465193
7111.2 2.4168028466704126
7120.4 2.404668929475782
7129.6 2.406591269250044
7138.8 2.424980063471397
7148.0 2.471901860515722
7157.2 2.4868646955374807
7166.4 2.4867693160557134
7175.6 2.4313938260056127
7184.8 2.417485417655103
7194.0 2.369419812304484
7203.2 2.363827100802608
7212.4 2.396497056466101
7221.6 2.507906846161405
7230.8 2.492970970086505
7240.0 2.4563801553409186
7249.2 2.3963811131295505
7258.4 2.468196166692948
7267.6 2.443167882157556
7276.8 2.3847071333886873
7286.0 2.389992075837173
7295.2 2.4267340861514874
7304.4 2.4375944905693765
7313.6 2.442758256584736
7322.8 2.427743448437592
7332.0 2.467307652556512
7341.2 2.477821069759804
7350.4 2.492586647428382
7359.6 2.488185290875874
7368.8 2.4815772908848808
7378.0 2.4345261244888685
7387.2 2.4339308032312146
7396.4 2.443131911773691
7405.6 2.384864864864865
7414.8 2.379099782578526
7424.0 2.3968051693875334
7433.2 2.388014204279974
7442.4 2.3897204997974635
7451.6 2.3912996118692873
7460.8 2.3343956717990655
7470.0 2.3524672364672368
7479.2 2.4214185547340805
7488.4 2.401347223109861
7497.6 2.3895483581035535
7506.8 2.424043234201341
7516.0 2.437289648592267
7525.2 2.452713602187286
7534.4 2.397385928760671
7543.6 2.4579852805887765
7552.8 2.4742662994177897
7562.0 2.536254473161034
7571.2 2.456695623231819
7580.4 2.4820704058276113
7589.6 2.220066795334396
7598.8 1.3503321269253432
7608.0 0.7820399053094352
7617.2 1.2198539302941775
7626.4 1.4759832207898504
7635.6 1.3093818406042854
7644.8 1.5495395821880151
7654.0 1.7976917634471692
7663.2 2.1027770850651146
7672.4 2.356793524517552
7681.6 2.4433268197361997
7690.8 2.328038639227215
7700.0 2.3023908118644965
7709.2 2.415073997636309
7718.4 2.446460607561791
7727.6 2.504807719698049
7736.8 2.4525008497772687
7746.0 2.448038814016172
7755.2 2.5686643017447333
7764.4 2.525598717294658
7773.6 2.4841962824732033
7782.8 2.495716332904648
7792.0 2.5433427887272058
7801.2 2.5125627173832608
7810.4 2.464945774086502
7819.6 2.3644298098746144
7828.8 2.400567444635001
7838.0 2.3848512422999866
7847.2 2.434171797567202
7856.4 2.3791195869294843
7865.6 2.319029269678886
7874.8 2.3919975611614968
7884.0 2.479715764741839
7893.2 2.457980988958233
7902.4 2.401119128711347
7911.6 2.3415534468430512
7920.8 2.360653434996023
7930.0 2.312151898734177
7939.2 2.336751175908035
7948.4 2.348213639581531
7957.6 2.4083275343982287
7966.8 2.3974509726239055
7976.0 2.333028603143769
7985.2 2.401357754330082
7994.4 2.3839861158211813
